0001000011101101
0001000100010101
0000111100001010
0000111010110100
0001000011100001
0001000110100000
0000111101110100
0000111001011111
0001000001000110
0001000101010110
0000111110011001
0000111010110000
0001000001110101
0001000101100001
0000111110111110
0000111010101110
0000111111110101
0001000100011100
0001000000001110
0000111010111000
0000111110101010
0001000101010001
0001000010110010
0000111011111100
0000111100101010
0001000010100100
0001000010101111
0000111101011010
0000111101001010
0001000010110111
0001000011100100
0000111101011111
0000111011111100
0001000001110001
0001000011100100
0000111110000100
0000111100010110
0001000001111011
0001000011111110
0000111110101111
0000111100001001
0001000000100101
0001000011000111
0000111110011010
0000111011110101
0001000001101001
0001000101010001
0000111111001010
0000111010000010
0000111111111001
0001000110011111
0001000001001101
0000111001010111
0000111101010111
0001000101111000
0001000011100011
0000111011010111
0000111100011010
0001000011101101
0001000010110001
0000111011111110
0000111100101110
0001000011100111
0001000011111101
0000111101001110
0000111100000001
0001000010010000
0001000011101011
0000111101001011
0000111011100111
0001000010101100
0001000100011011
0000111101000011
0000111011011100
0001000011000011
0001000101000100
0000111101100000
0000111010001010
0001000000111100
0001000101101110
0001000000001111
0000111010110100
0000111111110010
0001000101001100
0000111111101101
0000111001111110
0000111111110000
0001000101111011
0001000000011110
0000111010000001
0000111110101010
0001000101010000
0001000010000000
0000111011011000
0000111101010001
0001000011111000
0001000010110111
0000111100001101
0000111100111110
0001000011110110
0001000011010011
0000111011101010
0000111011010101
0001000011101010
0001000101011010
0000111101100000
0000111010101011
0001000001110110
0001000100110100
0000111101110100
0000111010001110
0001000001010100
0001000110000111
0000111111101101
0000111010010111
0001000000000011
0001000101001011
0000111111111011
0000111011000110
0000111111110000
0001000100111100
0001000001000101
0000111011001111
0000111110010011
0001000100100000
0001000001010011
0000111010011001
0000111101101011
0001000010010001
0000111000111000
0000110101000010
0001010001011010
0001101011100010
0001001000100010
0000001000100000
0000001000000110
0001001100011011
0001111110000110
0001101100011001
0000110111000010
0000010001100000
0000010101001111
0000111001011101
0001100011101000
0001110100011111
0001010100111100
0000011000110001
0000000001110000
0000101110000100
0001101001111011
0001110110111111
0001010010001001
0000100010011101
0000001110101011
0000100100111111
0001010001111001
0001110001111111
0001101001000100
0000110101101010
0000000110101100
0000010011001001
0001001101001011
0001110100010011
0001101001000010
0000111110011000
0000010111100011
0000010011011110
0000110101110111
0001100001101001
0001110010011011
0001010101111001
0000011111111010
0000001000010111
0000101010011100
0001011110001101
0001110001011100
0001011010000111
0000101101101000
0000010000100101
0000011110101000
0001001100001101
0001110001001001
0001101010011100
0000111000010010
0000001010110010
0000010100111100
0001001000111000
0001101110001101
0001101001110001
0001000100101110
0000011001000111
0000001110001000
0000110010011110
0001100101010110
0001111000010000
0001010101100111
0000011010001000
0000000101011100
0000101101110011
0001100010101100
0001110001111111
0001011000000011
0000101011001011
0000001101101010
0000011110001001
0001010000011100
0001110100110111
0001101001000110
0000110100100101
0000001001101010
0000010111000100
0001001010110011
0001101110011100
0001101000110101
0001000011010110
0000011000011111
0000001110100001
0000110100010011
0001101000100001
0001111000111010
0001010010001101
0000010111000100
0000000110000011
0000110000001111
0001100011011001
0001110001111011
0001011001011111
0000101011101011
0000001011000111
0000011011100011
0001010001110110
0001111000011110
0001101001100101
0000110010010000
0000000111111101
0000010101101110
0001001010010101
0001110001100001
0001101101110001
0001000011111101
0000010011010101
0000001001110000
0000110100110010
0001101100110101
0001111100000111
0001010001111001
0000010101011011
0000000100010010
0000101101100001
0001100011001000
0001110110010100
0001011101011000
0000101010100010
0000000110110110
0000011000111000
0001010010101011
0001111011100001
0001101100001010
0000110001111011
0000000101011110
0000010100100101
0001001010101010
0001110001011000
0001101110101101
0001000110101111
0000010011010110
0000000110010010
0000110011101011
0001101110100101
0001111101001110
0001010010000011
0000010100101111
0000000011001100
0000101101100001
0001100010111011
0001110101111100
0001011111000010
0000101100000110
0000000101010010
0000010110011001
0001010011011110
0001111111000001
0001101101011011
0000101111101100
0000000100101001
0000010110011000
0001001010101111
0001101111101000
0001101110110001
0001001000001100
0000010011001101
0000000101000101
0000110100000110
0001110000001100
0001111100101100
0001001111110101
0000010101000001
0000000101101101
0000101101010011
0001100001000110
0001110111101100
0001100001111100
0000101010000010
0000000001000110
0000010110110101
0001010110100100
0001111111000000
0001101011010100
0000101111111101
0000000110011101
0000010110011110
0001001001000101
0001101111010111
0001110000110101
0001001000100001
0000010000011000
0000000011100110
0000110101111010
0001110010010111
0001111100101011
0001001110000101
0000010100100111
0000000110101011
0000101100111110
0001100000010000
0001111000001111
0001100010011100
0000101000101110
0000000000000000
0000011001000111
0001011001100011
0001111101101010
0001100111100101
0000101111110000
0000001000110010
0000010101100011
0001000111000010
0001110001001100
0001110010100001
0001000110010110
0000001111001100
0000000110000101
0000111000011011
0001110001000111
0001111001001100
0001001101000011
0000010110100110
0000001000011101
0000101100111111
0001011111110001
0001111000011111
0001100001111001
0000100111000000
0000000000010010
0000011011101010
0001011010010011
0001111011010001
0001100101101111
0000110001000000
0000001010100100
0000010100111110
0001000101110000
0001110010010100
0001110100111110
0001000101011011
0000001011111011
0000000110001110
0000111010101011
0001110000101011
0001110111111010
0001001110010110
0000010111101100
0000000110100010
0000101011100111
0001100001110101
0001111010000101
0001100000110100
0000100110001011
0000000000011111
0000011011100100
0001011010001100
0001111011010000
0001100110000000
0000110001101111
0000001010011001
0000010100100110
0001000110100111
0001110010101101
0001110011110100
0001000100011011
0000001011110111
0000000111010111
0000111100101111
0001110000110101
0001110101000011
0001001100101011
0000011001101110
0000001000001011
0000101010011101
0001100000110111
0001111010110000
0001100000011011
0000100100011011
0000000000101000
0000011101001110
0001011010010100
0001111010100100
0001100110001100
0000110010000011
0000001010011001
0000010011110001
0001000101011100
0001110011001011
0001110101000011
0001000100000000
0000001010100100
0000000111011011
0000111101111001
0001110001010001
0001110100010100
0001001100011111
0000011010011011
0000001000001101
0000101001011000
0001100000110100
0001111100101010
0001100000110110
0000100010100011
0000000000010010
0000011110110000
0001011010010010
0001111001000001
0001100101101101
0000110011100000
0000001011101111
0000010010010011
0001000011010000
0001110100000110
0001110111000000
0001000010111111
0000001001000000
0000001000100111
0000111111110011
0001110000110001
0001110001111000
0001001011100001
0000011100010010
0000001001011010
0000101000000000
0001011111111100
0001111101011000
0001100001001111
0000100001110111
0000000000100111
0000100001100100
0001011011100100
0001110101000110
0001100010010110
0000110110010011
0000001110111000
0000010000110000
0001000001011111
0001110101000110
0001110111100111
0001000010001110
0000001001001101
0000001010011010
0001000000001011
0001101101101010
0001101111110110
0001001110010010
0000011111001011
0000001000010001
0000100101110111
0001100000010001
0001111110010011
0001100000100010
0000100001010011
0000000001110100
0000100010001101
0001011001011110
0001110011110001
0001100100110111
0000111000010001
0000001100011010
0000001110100000
0001000011010000
0001110111001100
0001110110010001
0001000000011111
0000001010111100
0000001100011111
0000111110001010
0001101010011100
0001110001001010
0001010010001011
0000011111001001
0000000101001101
0000100101110110
0001100010101110
0001111101100110
0001011101001001
0000100001010010
0000000101010110
0000100011010111
0001010111001110
0001110010011000
0001100110011101
0000111001101010
0000001010111100
0000001100111001
0001000100101001
0001111000110101
0001110100110101
0000111110001101
0000001011111110
0000001110111010
0000111100110001
0001100111111111
0001110010011110
0001010100101111
0000011110110100
0000000010111011
0000100101011000
0001100101000000
0001111111000010
0001011011011101
0000011111101111
0000000110110110
0000100100101111
0001010101001110
0001110001001011
0001101000100101
0000111010001100
0000001000101100
0000001101001000
0001000111110001
0001111000110011
0001110001001110
0000111101110110
0000001111010010
0000001111100010
0000111010001111
0001100111001101
0001110100010010
0001010100111100
0000011011110110
0000000001011111
0000101000011111
0001100111000001
0001111100000011
0001011001010001
0000100010011101
0000001000100011
0000100001011100
0001010011010011
0001110100111110
0001101011110011
0000110111100111
0000000101011111
0000001110100010
0001001010001010
0001110111100011
0001101110111101
0000111110110110
0000010001100110
0000001110110110
0000110111101010
0001100111010000
0001110111000011
0001010101111000
0000011010000011
0000000000111111
0000101010000101
0001100111001101
0001111001110011
0001011000001100
0000100100110001
0000001010010001
0000011110111011
0001010001010011
0001110110111010
0001101100101111
0000110101000110
0000000100011101
0000010001001011
0001001011111001
0001110101110011
0001101101001001
0000111111111001
0000010011000010
0000001110000001
0000110110011101
0001101000010010
0001111000010110
0001010100110011
0000011000000100
0000000001100100
0000101100110101
0001100111110011
0001110111110100
0001010111010100
0000100101010111
0000001010010100
0000011111010110
0001010010001111
0001110111000110
0001101100101101
0000110100111001
0000000011011110
0000010000111100
0001001100100111
0001110101001011
0001101100000010
0001000000111010
0000010100100000
0000001101000000
0000110100111101
0001101001000111
0001111001101101
0001010011011110
0000010110100110
0000000011011111
0000101110010010
0001100100111110
0001110101001100
0001011001100011
0000101001110111
0000001101101001
0000100100010000
0001010110011010
0001100111010010
0001001000001101
0000101011001010
0000110011100010
0001000111111111
0001000101110000
0000111000011011
0000111100100000
0001001001111100
0001000110101011
0000110111011100
0000110101001110
0001000010011101
0001001010001101
0001000011001010
0000111010101111
0000111100011001
0001000001001101
0000111110111110
0000111100000100
0001000010110001
0001001000101011
0000111111101001
0000110100000001
0000111001111001
0001001001111101
0001001011010100
0000111011101001
0000110011110111
0000111110001001
0001000110110011
0001000001101111
0000111101110100
0001000010110010
0001000010000100
0000110111111100
0000110111010000
0001000110100000
0001001110110000
0001000000011010
0000110000100000
0000110111010101
0001001000010111
0001001010011001
0001000000000100
0000111100000001
0000111110110100
0000111100010110
0000111001000010
0001000001011110
0001001100010001
0001000110100111
0000110111010110
0000110100101101
0001000000100001
0001000111111000
0001000010110000
0000111101101110
0001000000001011
0001000000011001
0000111010101000
0000111010110001
0001000101011110
0001001010111000
0000111111110111
0000110100100101
0000111001111111
0001000101001100
0001000101011110
0000111111100101
0000111111101000
0001000001101000
0000111100101011
0000111000101000
0001000000000101
0001001000111110
0001000100100111
0000111001111111
0000111001001011
0001000000110010
0001000011100010
0001000000010001
0001000000101110
0001000011101101
0000111111010110
0000110111101001
0000111010101101
0001000110010101
0001001000111011
0000111110110000
0000111000001010
0000111101100101
0001000011001111
0001000000001011
0000111101110101
0001000010110101
0001000100000011
0000111011111010
0000111000010100
0001000001000110
0001000111110110
0001000001111000
0000111010101000
0000111101110011
0001000011000110
0000111111101000
0000111010111001
0000111111101000
0001000101110011
0001000001011100
0000111010001010
0000111100111001
0001000100111110
0001000100001111
0000111011100010
0000111010100111
0001000011000101
0001000100101001
0000111101001110
0000111011011111
0001000001011110
0001000011010000
0000111101101011
0000111100000010
0001000010101101
0001000100111101
0000111101001001
0000111001011101
0001000000111001
0001000110000101
0001000000000010
0000111010010011
0000111111100001
0001000100110010
0000111111101010
0000111010101011
0001000000010001
0001000101111100
0000111111111100
0000111000001001
0000111101000100
0001000110101101
0001000100111000
0000111100001000
0000111011100111
0001000010000011
0001000001101011
0000111011101101
0000111110001010
0001000110000001
0001000011101100
0000111010000110
0000111010000001
0001000010111001
0001000100100011
0000111101100010
0000111100011111
0001000011000001
0001000010111010
0000111011010101
0000111011001000
0001000100000111
0001000110011001
0000111101001100
0000111000001111
0000111111101001
0001000101110110
0001000000111110
0000111011111001
0000111111011100
0001000010111010
0000111110011111
0000111011000001
0001000001001000
0001000110010100
0001000000011010
0000111001010101
0000111100111100
0001000011111111
0001000010011101
0000111100100011
0000111110000100
0001000100001100
0001000001100111
0000111001100000
0000111100010100
0001000110011001
0001000100101101
0000111010010001
0000111001111110
0001000011010101
0001000100111101
0000111100110100
0000111011001111
0001000011000111
0001000100110000
0000111100010111
0000111001001101
0001000001011001
0001000110100010
0000111111110110
0000111010010111
0000111111010100
0001000011011110
0000111110110100
0000111011101001
0001000001100000
0001000101101101
0000111111001001
0000111000101000
0000111110000111
0001000110000101
0001000010001111
0000111010000000
0000111101010111
0001000110001100
0001000011000001
0000111000101110
0000111010101001
0001000101111110
0001000101101111
0000111010010101
0000111001011111
0001000011111110
0001000101101100
0000111101000111
0000111010101111
0001000001100100
0001000100001011
0000111101001111
0000111001111000
0001000010000010
0001000111000111
0000111110100101
0000110111101001
0000111111000100
0001000110100110
0001000000100001
0000111010010100
0001000000011101
0001000101111011
0000111110111110
0000111000001011
0000111111000000
0001000111011100
0001000001011101
0000110111100111
0000111011111100
0001000110011011
0001000100111010
0000111011001101
0000111011001001
0001000011011010
0001000010111011
0000111010101111
0000111011101100
0001000101101111
0001000110111100
0000111011101110
0000110110111000
0000111111110101
0001000101100110
0000111111100111
0000111100001110
0001000010101000
0001000100110011
0000111011111111
0000111000000110
0001000001101011
0001001000010111
0001000000100011
0000111000001001
0000111101001111
0001000101000111
0001000001101000
0000111011000010
0000111110100010
0001000101000010
0001000001001100
0000111000101000
0000111011110110
0001000110101101
0001000101101000
0000111011001001
0000111010001111
0001000001110101
0001000010000000
0000111100011100
0000111110101010
0001000100111101
0001000010000010
0000111010010100
0000111011001001
0001000011001001
0001000101110011
0000111110011110
0000111001100101
0000111111110110
0001000100011001
0000111110100011
0000111011110000
0001000010101010
0001000100110100
0000111100000011
0000110111101100
0001000000100110
0001001000110010
0001000011011010
0000111001101111
0000111010011000
0001000001011010
0001000001110000
0000111101111110
0001000000100010
0001000100011101
0000111111100111
0000111000100100
0000111011110101
0001000100110110
0001000101001101
0000111101110110
0000111011110110
0001000000001101
0001000000111000
0000111101011101
0000111110110000
0001000100011100
0001000011100010
0000111010111000
0000111000001100
0001000000110001
0001000111011110
0001000001111001
0000111010011001
0000111101000011
0001000010000000
0000111111011110
0000111101001010
0001000001111111
0001000101000101
0000111110110001
0000111000001111
0000111100100010
0001000101000000
0001000100011110
0000111101010000
0000111011111010
0001000000101111
0001000000111110
0000111101000110
0000111111010110
0001000100111101
0001000001111110
0000111000111110
0000111001100100
0001000100000101
0001000111010000
0000111110110110
0000111001101010
0000111110101001
0001000010110011
0000111110100011
0000111011111100
0001000010010101
0001000101101010
0000111101111011
0000111000010000
0000111110110101
0001000110011111
0001000010100010
0000111010111011
0000111100110011
0001000010011000
0001000000000011
0000111011110111
0001000000010111
0001000101111110
0001000000101011
0000110111110010
0000111010111001
0001000101100110
0001000110010001
0000111101010010
0000111010111001
0001000000101011
0001000001101110
0000111100100110
0000111101001000
0001000100001001
0001000100011010
0000111011100111
0000111000111011
0001000001011100
