0001000000001101
0001000010001111
0000111111100100
0000111101111011
0001000000000111
0001000010001000
0001000000001100
0000111101111100
0000111111100011
0001000001101100
0001000000101001
0000111110111001
0000111110110001
0001000000000000
0001000000111000
0000111111101110
0000111110111011
0001000000110101
0001000001101111
0000111111001000
0000111101010001
0000111111111010
0001000011001000
0001000000101001
0000111101000110
0000111111100110
0001000010010100
0000111111111011
0000111101110100
0000111111010100
0001000001110111
0001000001000101
0000111101011011
0000111110010110
0001000010111111
0001000010000010
0000111101001100
0000111101101100
0001000010001011
0001000010010101
0000111101101001
0000111100110110
0001000001111000
0001000011100100
0000111110100111
0000111100001101
0001000001000000
0001000011111101
0000111111000100
0000111011000011
0000111111100100
0001000101001110
0001000001011011
0000111010101011
0000111110000100
0001000100111001
0001000001101011
0000111011000011
0000111101101110
0001000100011111
0001000010101011
0000111011101010
0000111101011100
0001000100100011
0001000010101111
0000111011010110
0000111100001011
0001000011101101
0001000100010011
0000111100111001
0000111011000010
0001000010000100
0001000101000100
0000111110011010
0000111010010000
0001000001000111
0001000110001110
0000111110111111
0000111001010111
0001000000110000
0001000110011001
0000111111010000
0000111001101011
0000111111111110
0001000101101010
0000111111111101
0000111001111011
0000111111011111
0001000110101110
0001000001110000
0000111001100101
0000111101010000
0001000101010111
0001000010100111
0000111010011110
0000111101000100
0001000101111101
0001000011001011
0000111001000110
0000111011010010
0001000101110100
0001000100101111
0000111011000111
0000111011010011
0001000100000101
0001000101010000
0000111101000111
0000111010000001
0001000001000101
0001000101011000
0000111110111111
0000111010011001
0001000000110010
0001000101111001
0000111111110000
0000111010000010
0000111111100100
0001000101100010
0001000000001110
0000111010000000
0000111111100100
0001000110010010
0001000000100110
0000111001100001
0000111111001010
0001000110000000
0000111111111001
0000111000010010
0000111001111100
0000111011011011
0001000001010001
0001011000000000
0001100001110111
0000111000100100
0000000101111001
0000010101011110
0001011001100000
0010000000000000
0001100101010000
0000101010100101
0000000111011000
0000011001111111
0001001010101011
0001101110001110
0001101110010001
0001000101100101
0000001110001001
0000000100101100
0000111010101000
0001110100101100
0001111001011000
0001001010001010
0000010011000110
0000000111010000
0000110000011000
0001100011001111
0001110101000111
0001011100111010
0000101000011010
0000000010101111
0000011001011000
0001011001011001
0001111101111000
0001100101111000
0000101100101011
0000000111100101
0000011000110001
0001001010111001
0001101110100101
0001101100101011
0001000110001100
0000010010011111
0000000110101101
0000110110111101
0001101110011010
0001110101010011
0001001110011110
0000011100110110
0000001001101111
0000101001010110
0001011100111000
0001110101111010
0001100001000001
0000101010101001
0000000100000111
0000011011001010
0001010111000001
0001111000001011
0001100100011010
0000110001001111
0000001011011111
0000010111100100
0001001000010000
0001101110011101
0001101101111111
0001000101110110
0000010000101111
0000000111001011
0000111010111110
0001110001001101
0001110011101000
0001001010001001
0000011010001101
0000001010100011
0000101011000011
0001011111000010
0001111000110100
0001100001010111
0000100110110101
0000000000100001
0000011100000110
0001011001101110
0001110110111100
0001100010010011
0000110100010110
0000010000010101
0000010111010111
0001000011010010
0001101011010000
0001101111100001
0001000111111100
0000010001110100
0000001000100111
0000111011001111
0001101111001010
0001110001001111
0001001001001110
0000011011100100
0000001110001010
0000101110010101
0001011110000111
0001110011110100
0001011100111001
0000100101110001
0000000011110111
0000100010110000
0001011101101110
0001110011010011
0001011011100010
0000110001100100
0000010001110000
0000011010110000
0001001000001010
0001101101101101
0001101011010001
0001000000110010
0000010000000110
0000001110100100
0001000001001100
0001101110101011
0001101100110100
0001000101110011
0000011010010010
0000001110110110
0000110001110001
0001100010001101
0001110011010101
0001010111100001
0000100010111100
0000000111100000
0000100110010001
0001011100010101
0001110010100101
0001011100111000
0000101111101001
0000001110100001
0000011011101001
0001001011100001
0001101110111001
0001101001111001
0000111110111010
0000001110101010
0000001111100100
0001000100110111
0001101111111111
0001101010101111
0001000011011101
0000011000101000
0000010000000010
0000110110000101
0001100100101011
0001110000111101
0001010011111000
0000100001100111
0000000111011000
0000100111101101
0001100000001011
0001110011110111
0001011001101100
0000101101001110
0000001111010000
0000011100101010
0001001100001010
0001110000100100
0001101001011000
0000111010100110
0000001100111110
0000010010101100
0001000111101101
0001110000010000
0001101000011010
0001000001011001
0000011001100010
0000010001001011
0000110101011111
0001100100001101
0001110001111010
0001010100010110
0000100000101100
0000000111110010
0000101000110101
0001011111001011
0001110010011011
0001011010001001
0000101110001111
0000001111001010
0000011100110001
0001001101011110
0001110000000100
0001100111011000
0000111011000001
0000001111000100
0000010011110011
0001000110100010
0001101101011000
0001100111100000
0001000100011101
0000011100110111
0000010000001100
0000110010010101
0001100011101100
0001110010111010
0001010100010100
0000100000011000
0000001000100011
0000101010011110
0001011111001010
0001110000110010
0001011010000011
0000101111001101
0000001110010001
0000011011001010
0001001110000100
0001110001100000
0001100111000110
0000111011001101
0000010000011110
0000010011110001
0001000101110001
0001101101001001
0001100111110001
0001000101101000
0000011101010110
0000001101111010
0000110000001000
0001100110000110
0001110110010010
0001010010001111
0000011101010100
0000001010000011
0000101011111110
0001011101100011
0001101111101100
0001011011110010
0000110000101111
0000001101110000
0000011010110011
0001001110011000
0001110001011001
0001100110100110
0000111010010110
0000010001000000
0000010100101010
0001000011101010
0001101010110100
0001101001110101
0001001000110100
0000011100100111
0000001100001010
0000110001100100
0001100110110101
0001110011110000
0001010001000111
0000011111000011
0000001011011000
0000101100001010
0001011101100000
0001101110010101
0001011010001010
0000110010001100
0000001111010111
0000011000101011
0001001101000101
0001110100000100
0001101001000101
0000111001011001
0000001110100011
0000010100011111
0001000100111000
0001101010011111
0001101000010101
0001000111111101
0000011101110101
0000001110010000
0000110001010001
0001100101000000
0001110011111001
0001010010011011
0000011110111011
0000001011010110
0000101101001000
0001011100110100
0001101101101000
0001011010111110
0000110001101011
0000001110101011
0000011000111110
0001001100100111
0001110011111101
0001101000111000
0000111000011100
0000001110111001
0000010101101111
0001000101000111
0001101001111011
0001101001001111
0001001001110101
0000011100100000
0000001010101101
0000110001110111
0001101001001100
0001110011111111
0001001110010001
0000011110101111
0000001110011001
0000101100101101
0001011010101101
0001101101110101
0001011101000001
0000110011000010
0000001101010001
0000011000010101
0001001110100000
0001110011111100
0001100110110001
0000110111101101
0000001111111111
0000010111010101
0001000101101110
0001101000001011
0001100111010010
0001001011000011
0000011110110111
0000001010100101
0000110000110011
0001101001010100
0001110011101000
0001001100101001
0000011111001111
0000010001011011
0000101011111001
0001010110001010
0001101110001001
0001100001001110
0000110010110101
0000001001111100
0000011000001100
0001010001101001
0001110101001110
0001100100000001
0000110101001011
0000010010011100
0000011010010010
0001000011000111
0001100101111000
0001101010000010
0001001100010100
0000011100000110
0000001001011101
0000110010011110
0001101001111001
0001110010100011
0001001101000011
0000100000100110
0000010000111110
0000101011000010
0001010110110000
0001101110111001
0001100001011100
0000110010000100
0000001000011011
0000011000010110
0001010011011001
0001110100100011
0001100001000011
0000110110010001
0000010110100100
0000011001101000
0000111110111100
0001100110010001
0001101101101101
0001001011101011
0000011000101010
0000001010000011
0000110101110011
0001101001111001
0001101111101110
0001001100001111
0000100010001011
0000010001000100
0000101010000000
0001010111000011
0001110000000010
0001100001111010
0000110000110011
0000000111001011
0000011010001100
0001010101011110
0001110010101110
0001011111001110
0000111000010001
0000011000010110
0000010110111010
0000111011101011
0001101000001010
0001110001101010
0001001010100011
0000010100011101
0000001011101110
0000111011001101
0001101000100100
0001101010100111
0001001101001001
0000100110001000
0000001111101111
0000100101111111
0001011000101011
0001110100101001
0001100000001110
0000101100101010
0000001000011101
0000011100110001
0001010100010010
0001110000111000
0001100000011001
0000111010010001
0000010111000000
0000010101001000
0000111101110101
0001101001110111
0001101111000011
0001001000011010
0000010110000011
0000001100110001
0000111010000001
0001101000001101
0001101010110111
0001001100111111
0000100110111011
0000010001001000
0000100101101000
0001010111001001
0001110100100001
0001100000000000
0000101010110000
0000001001000001
0000011111111001
0001010011100110
0001101101101000
0001100000011101
0000111100110001
0000010111011111
0000010010110110
0000111100100001
0001101011100110
0001110000011011
0001000111010010
0000010110010011
0000001111100001
0000111001101010
0001100100011110
0001101010001010
0001001111101101
0000100111000010
0000001110011000
0000100110000110
0001011010110110
0001110100110100
0001011100111010
0000101010001011
0000001010111100
0000100000000100
0001010010000000
0001101110110011
0001100011110010
0000111100100101
0000010100001001
0000010001111011
0000111110111010
0001101100100000
0001101101101100
0001000101100000
0000010111110100
0000010001011001
0000111001011110
0001100010010010
0001101010100101
0001010011100000
0000100111100011
0000001010110011
0000100100010001
0001011100001101
0001110101101011
0001011011101110
0000101010000100
0000001100100110
0000100000011111
0001010000101011
0001101100111001
0001100011110100
0000111110100100
0000010100001101
0000010000110011
0001000000000111
0001101101110110
0001101100010111
0001000100110001
0000011010100010
0000010101001100
0000111111101010
0001100100110000
0001010010101100
0000101101110100
0000101110101111
0001000111110000
0001001101100111
0000111110101000
0000110110000001
0000111011100011
0001000001011011
0001000001100011
0001000011010100
0001000101111101
0001000000000100
0000110111000101
0000111001101101
0001000100010000
0001001000100111
0001000100100101
0000111100111001
0000110111000000
0000111001001111
0001000011000000
0001001001110110
0001000110001100
0000111101101001
0000111001101110
0000111010111110
0000111110001100
0001000011110000
0001001000111101
0001000101010101
0000111001101001
0000110100100100
0000111101011001
0001000111011011
0001000110101100
0001000001000111
0000111111001010
0000111101101010
0000111001110111
0000111011010001
0001000101111001
0001001101000111
0001000011111001
0000110101001100
0000110100100110
0000111111110111
0001000111010100
0001000110101101
0001000011100110
0000111110111001
0000110111110000
0000110110101100
0001000001110100
0001001100101001
0001001000100111
0000111011001010
0000110101000010
0000111011000001
0001000011010010
0001000110101010
0001000101010110
0001000001000010
0000111011011000
0000111000011010
0000111101001100
0001000111000110
0001001010000010
0001000000101000
0000110110010000
0000110111101111
0001000001100010
0001000111101111
0001000110111110
0001000001110001
0000111011001001
0000110111001110
0000111001110000
0001000011010101
0001001100010100
0001001001010101
0000111100001011
0000110100011111
0000111001110011
0001000010001000
0001000101010110
0001000110000101
0001000100010100
0000111100110000
0000110110001001
0000111010101010
0001000101111000
0001001001110111
0001000010101010
0000111001101101
0000111000110100
0000111111001101
0001000100010000
0001000100011111
0001000010110111
0000111111101100
0000111010111110
0000111001110011
0000111111111111
0001000111010110
0001000110010000
0000111110000010
0000111001101000
0000111101000111
0001000001101011
0001000010101111
0001000010011110
0001000001100110
0000111110111010
0000111100101011
0000111101001001
0001000000001010
0001000011101011
0001000011001100
0000111101111001
0000111011110010
0001000000000011
0001000011011111
0001000001101101
0000111110100111
0000111110111111
0001000000011000
0000111110110100
0000111110011000
0001000001101001
0001000011110010
0001000001010000
0000111100001000
0000111011101001
0001000001001010
0001000011110011
0001000001000111
0000111111111100
0001000000101100
0000111110100100
0000111100001110
0000111111011111
0001000100000101
0001000010100011
0000111101111110
0000111101111001
0001000001100000
0001000001101110
0000111110010000
0000111101111011
0001000001000011
0001000010000010
0000111111011100
0000111101110001
0001000000010100
0001000011010100
0001000001001001
0000111100100010
0000111100110110
0001000000111001
0001000001101011
0000111111110100
0001000000110011
0001000010011011
0000111111110001
0000111100001010
0000111110001000
0001000010111101
0001000010001111
0000111110001000
0000111111000010
0001000010001111
0001000000101000
0000111101000111
0000111110111001
0001000011110001
0001000001111100
0000111011000011
0000111100100111
0001000100011010
0001000100000011
0000111101110001
0000111101110001
0001000001010000
0000111111100110
0000111101011010
0001000000011011
0001000011101101
0001000001100001
0000111100111001
0000111100101111
0001000001000111
0001000010111000
0001000000010111
0000111110111001
0000111111110110
0000111111110110
0000111101101101
0000111110110001
0001000011011101
0001000011011000
0000111101110100
0000111011010110
0000111110101010
0001000011001001
0001000100000101
0001000000001101
0000111101001100
0000111110010101
0000111111001100
0000111110111101
0001000001101110
0001000011101100
0001000000000011
0000111100000110
0000111101001010
0001000000111100
0001000010101001
0001000001101001
0001000000000111
0000111110111001
0000111101011110
0000111101101110
0001000000110111
0001000011101001
0001000010001001
0000111101111010
0000111100001010
0000111110110001
0001000010010110
0001000010100011
0001000000001101
0000111110110100
0000111110011001
0000111110000110
0000111111011101
0001000010100000
0001000011100011
0000111111111001
0000111011111010
0000111101001110
0001000000110001
0001000001011010
0001000001010100
0001000001111110
0000111111111100
0000111011101000
0000111100011000
0001000011001110
0001000101011111
0000111111001101
0000111011000011
0000111111010010
0001000010011110
0000111111101111
0000111110100010
0001000001111010
0001000010100110
0000111101110010
0000111010110111
0000111111101001
0001000101011000
0001000010111001
0000111100111010
0000111100110010
0001000000100001
0001000000011001
0000111110010111
0001000000110000
0001000100000100
0001000000001100
0000111010010101
0000111101010010
0001000100001001
0001000011001111
0000111101011100
0000111100100011
0001000000110001
0001000010011111
0000111110011011
0000111100111000
0001000010111010
0001000101011011
0000111101001011
0000110111110010
0001000000000100
0001000111111111
0001000001111100
0000111010001011
0000111110000001
0001000011010100
0000111111101111
0000111100010011
0001000001010000
0001000101001111
0000111111011010
0000111001010111
0000111101110101
0001000100101011
0001000010101101
0000111101011010
0000111110010011
0001000001100110
0001000000001101
0000111101010100
0000111110111111
0001000011011010
0001000010101101
0000111100001101
0000111010110011
0001000001110101
0001000101010001
0000111111100011
0000111011101001
0000111111100101
0001000010100000
0000111111010000
0000111101100000
0001000001001111
0001000011011111
0001000000000000
0000111011100101
0000111100111001
0001000010001101
0001000011110010
0000111111100010
0000111100101111
0000111111001010
0001000001010000
0000111110110110
0000111110000010
0001000011000110
0001000011110101
0000111011110111
0000111001001101
0001000001101011
0001000110110000
0001000000011011
0000111010100101
0000111110101001
0001000011010110
0000111111110110
0000111100000100
0001000000010001
0001000101010001
0001000000111101
0000111001011010
0000111100001000
0001000100110110
0001000101001011
0000111101100010
0000111010110010
0001000000001010
0001000010100011
0000111101110101
0000111101011110
0001000100010001
0001000100001111
0000111011010000
0000111001010000
0001000010100110
0001000110111011
0000111110101100
0000111001000010
0000111111101100
0001000101010000
0000111110110110
0000111001110110
0001000001100101
0001000111101110
0000111111011100
0000110110110000
0000111101000010
0001000111100010
0001000100101001
0000111010010110
0000111011100010
0001000100100100
0001000001111110
0000111000110011
0000111101010001
0001000111111001
0001000100000101
0000111000101110
0000111010001001
0001000100100111
0001000101000010
0000111100000111
0000111011011011
0001000011011101
0001000100000011
0000111011011011
0000111010001101
