0000111110000011
0000111110001100
0001000001111010
0001000010010010
0000111110011001
0000111101111101
0001000010001111
0001000010100011
0000111101111000
0000111101010011
0001000010000000
0001000011001000
0000111110100111
0000111101001010
0001000001111011
0001000100000001
0000111111001011
0000111100001011
0001000000011001
0001000011011101
0000111111101101
0000111100111001
0001000000101010
0001000011100101
0001000000000000
0000111101000100
0001000000010100
0001000011010001
0000111111111110
0000111100101000
0000111111111101
0001000100000001
0001000001000001
0000111100100001
0000111110110011
0001000011010001
0001000001110010
0000111101010111
0000111110000000
0001000010100011
0001000010111010
0000111110011101
0000111101010111
0001000001011011
0001000010100100
0000111110111101
0000111110000101
0001000001110001
0001000010101010
0000111110101011
0000111101010111
0001000001000110
0001000010100101
0000111111011110
0000111110001011
0001000001001001
0001000010011100
0000111111000011
0000111101100111
0001000001010101
0001000011001001
0000111111010111
0000111100110001
0001000000000101
0001000011010100
0001000000111101
0000111101101101
0000111111001110
0001000010011101
0001000001100100
0000111110000010
0000111110100101
0001000010000111
0001000001100111
0000111110001100
0000111110100111
0001000010010110
0001000010001111
0000111110000001
0000111101110101
0001000010000101
0001000010011100
0000111110011001
0000111101100100
0001000001100101
0001000011001100
0000111111011110
0000111101010011
0001000000011010
0001000010110011
0001000000001101
0000111101101011
0001000000000001
0001000010110110
0001000000100001
0000111101010001
0000111111011111
0001000011000001
0001000000111001
0000111101001111
0000111111011110
0001000011011011
0001000001100110
0000111101011101
0000111110100101
0001000010001110
0001000001001101
0000111101110110
0000111110111111
0001000010101110
0001000010010001
0000111110011011
0000111101110101
0001000001001000
0001000010011001
0000111111101111
0000111110001100
0001000000101111
0001000010100101
0000111111110001
0000111101011000
0001000000000111
0001000010111111
0001000000110011
0000111101111011
0000111111010011
0001000001101110
0000111111010010
0000111000111010
0000110111111000
0001001000110100
0001011111101101
0001010101100110
0000100100011010
0000000111100001
0000101010101001
0001101001101101
0001111111100110
0001010100111100
0000010100001000
0000000000000000
0000101010110010
0001100101100011
0001111011000011
0001011100010100
0000100010111110
0000000010001101
0000011100011110
0001011000001011
0001111011110100
0001101000111110
0000110000011011
0000000011011110
0000010000011001
0001001011000011
0001111000011100
0001110001000100
0000111111000010
0000001100101101
0000001001100010
0000111001010011
0001101101101111
0001110111111001
0001010000111100
0000011000010101
0000000010101010
0000101000101111
0001100100000111
0001111010001000
0001011011001100
0000100101011101
0000000110110101
0000011100000111
0001010001100111
0001110111000110
0001101100000100
0000110111100000
0000000110111001
0000001101011011
0001000101010101
0001110101011010
0001110010010100
0001000010010100
0000001111111011
0000001010110110
0000110111110111
0001101010011001
0001110101011111
0001010001011100
0000011010101011
0000000100111110
0000101001110111
0001100011001110
0001111000001011
0001011001101111
0000100100111110
0000001000010100
0000011111010100
0001010011110110
0001110101011001
0001100110110001
0000110011101110
0000001010001001
0000010100110001
0001001000010010
0001110001000101
0001101011101001
0001000000001111
0000010100010101
0000010000011101
0000111001001000
0001100110101110
0001101111010000
0001001101001001
0000011110000010
0000001110010001
0000101110111000
0001011101111100
0001101110010011
0001010101011111
0000101010001010
0000010001010110
0000100100000100
0001010001100110
0001101110011110
0001100000110001
0000110011010001
0000001111001101
0000011011000101
0001001010100110
0001101101000000
0001100101001110
0000111101110110
0000010111100001
0000010101100111
0000111011110001
0001100101001101
0001101011011100
0001001010011110
0000011110100101
0000010000100011
0000110000100001
0001011110100011
0001101101111100
0001010100001100
0000101000101000
0000010000101001
0000100100101010
0001010010111001
0001101111001000
0001100000010011
0000110010110010
0000001111101001
0000011011010101
0001001001110001
0001101100001110
0001100101011100
0000111110011010
0000010111010100
0000010100111100
0000111011110000
0001100101110101
0001101100000000
0001001010111001
0000011110101001
0000010000001010
0000101111110000
0001011101111101
0001101110010011
0001010100110011
0000101000010010
0000010000000111
0000100101001110
0001010011100011
0001101110001010
0001011110110001
0000110011011011
0000010001011001
0000011011001111
0001001000010110
0001101011101110
0001100110010000
0000111110101000
0000010110011110
0000010101000001
0000111101000010
0001100110110100
0001101011111010
0001001001010111
0000011100101101
0000001111111101
0000110001001110
0001011111011111
0001101111000010
0001010100101010
0000100111001001
0000001110101011
0000100100100101
0001010100000111
0001101111110000
0001011111110100
0000110010001010
0000001111011011
0000011011010010
0001001001110011
0001101100111001
0001100110010001
0000111101110110
0000010110000010
0000010100110000
0000111100101101
0001100111000011
0001101100000110
0001001000111111
0000011101000011
0000010001011010
0000110001101010
0001011101100010
0001101101010110
0001010101110001
0000101000111101
0000001110101100
0000100011111000
0001010100010111
0001110000011000
0001011111101001
0000110001011111
0000001111101001
0000011100110010
0001001010100000
0001101010100100
0001100011110110
0000111111010000
0000011000100101
0000010100100110
0000111010111010
0001100110011010
0001101100111100
0001001001010010
0000011100010010
0000010001101100
0000110011011000
0001011110001011
0001101011101100
0001010011111011
0000101001001000
0000010000000111
0000100101000001
0001010100001100
0001101110110000
0001011110010001
0000110001111000
0000010001100110
0000011101111010
0001001000100100
0001101000100111
0001100101100011
0001000001110100
0000011000001100
0000010011000000
0000111011100000
0001100111011010
0001101011100000
0001000111110000
0000011101010010
0000010011010001
0000110011010011
0001011100111011
0001101010111111
0001010100011110
0000101010010101
0000010000110010
0000100100011010
0001010011001000
0001101101111010
0001011101110011
0000110011001101
0000010011010111
0000011100111011
0001000110111001
0001101001001110
0001100110010101
0001000001001010
0000010111110010
0000010011010110
0000111011100101
0001100111000011
0001101011000010
0001001000000100
0000011110100110
0000010011101000
0000110001110000
0001011011110010
0001101100000001
0001010110000010
0000101010010111
0000001111111001
0000100100000001
0001010011001000
0001101110010111
0001011110110001
0000110011000101
0000010001110110
0000011100011001
0001000111111011
0001101001011110
0001100101011110
0001000001000010
0000011000101110
0000010100000101
0000111011000000
0001100101111100
0001101011011101
0001001001001000
0000011110010011
0000010011000001
0000110010010110
0001011100011100
0001101010110111
0001010100010100
0000101010101010
0000010001011010
0000100100011000
0001010010110101
0001101110001110
0001011110010100
0000110010101101
0000010010010110
0000011101010011
0001001000100100
0001101001100110
0001100100101000
0001000000000001
0000011000111110
0000010101000001
0000111011001101
0001100101001111
0001101010101110
0001001001001000
0000011110101111
0000010011001010
0000110010010100
0001011100110100
0001101011100010
0001010100010100
0000101001011001
0000001111111110
0000100100100100
0001010100100011
0001101110111011
0001011101001101
0000110001110011
0000010010100000
0000011101100101
0001001000111011
0001101010001010
0001100100101011
0000111110110001
0000010111100100
0000010101010100
0000111101000000
0001100110110001
0001101010011100
0001000111111100
0000011110010110
0000010011001110
0000110010000010
0001011100111010
0001101100001010
0001010100101111
0000101000111101
0000001111010111
0000100101010011
0001010101111010
0001101110111111
0001011011111101
0000110001011001
0000010011100110
0000011110001001
0001000111101100
0001101001010000
0001100101100000
0000111111101110
0000010111101110
0000010101001001
0000111100010010
0001100101010001
0001101001101010
0001001001010001
0000100000101100
0000010011101011
0000110000010001
0001011011101011
0001101100100111
0001010100111111
0000101000100110
0000010000001100
0000100110101001
0001010100111110
0001101100011011
0001011011010111
0000110011010011
0000010100111110
0000011101100111
0001000111001101
0001101001101010
0001100101101000
0000111111010010
0000010111100111
0000010110010101
0000111101100110
0001100100011100
0001101000001011
0001001001001100
0000100000100011
0000010011010001
0000110000101000
0001011100101011
0001101101010101
0001010011111000
0000100111001010
0000010001000110
0000100111110100
0001010100001000
0001101011110000
0001011100100000
0000110100011011
0000010100001110
0000011100001010
0001000111001001
0001101010110010
0001100101101000
0000111101100100
0000010111000010
0000011000000001
0000111110111000
0001100100000101
0001100111010010
0001001000110000
0000100000101001
0000010011010000
0000110000111011
0001011101010010
0001101100110111
0001010010111001
0000100111010100
0000010001111011
0000101000101001
0001010100000111
0001101010101101
0001011011110000
0000110100001111
0000010100001011
0000011100111110
0001001000101001
0001101010100001
0001100011011000
0000111101000010
0000011001001011
0000011000110010
0000111101001001
0001100011000011
0001101000100110
0001001010001111
0000011111111011
0000010001101110
0000110001001000
0001011110010101
0001101100100011
0001010001111101
0000100111100010
0000010011010101
0000101000111110
0001010010100110
0001101010001110
0001011101001111
0000110100101111
0000010011000000
0000011100001010
0001001000101100
0001101011100111
0001100101000000
0000111101001000
0000010111011110
0000010111101110
0000111101100011
0001100011110000
0001101000101001
0001001001010110
0000011111100111
0000010010110100
0000110001100111
0001011101011110
0001101100010111
0001010010110110
0000100111100111
0000010001111001
0000100111110011
0001010011100000
0001101011110100
0001011101100101
0000110011100011
0000010001011000
0000011100000111
0001001010010010
0001101100000101
0001100100000001
0000111100110110
0000010111111010
0000010111100100
0000111101001001
0001100100011111
0001101001110011
0001001001101010
0000011110101000
0000010001100011
0000110001111100
0001011110110011
0001101100010101
0001010010000110
0000100111111111
0000010010011000
0000100111001011
0001010011000110
0001101100101100
0001011101100110
0000110010110001
0000010011001000
0000100010001111
0001010010000100
0001100110110000
0001000101111111
0000100011100101
0000110000111010
0001010010111100
0001010100110010
0000110111110111
0000101000001101
0000111000010001
0001001101100011
0001001111011101
0001000100000101
0000111001110110
0000110100110100
0000110110101100
0001000010001100
0001001110101100
0001001100101101
0000111100111101
0000110000111111
0000110100100011
0001000010010000
0001001100101001
0001001011001101
0001000000010011
0000110101011111
0000110011111110
0000111101010001
0001001010000000
0001001101111111
0001000011101101
0000110101101011
0000110010110011
0000111100000110
0001000111100110
0001001100001000
0001000110011110
0000111011110000
0000110101001110
0000110111011101
0001000000100010
0001001010000110
0001001011101111
0001000010100000
0000110110010110
0000110010110110
0000111011010001
0001001000100111
0001001110100011
0001000110010011
0000110111101001
0000110001110110
0000111010001000
0001000111000010
0001001100000110
0001000101111111
0000111011010011
0000110101001100
0000111000110101
0001000010111011
0001001010010111
0001001000010110
0000111110011111
0000110101101101
0000110111001000
0001000001110000
0001001010001010
0001001000010111
0000111111100110
0000111000010000
0000110111101010
0000111101110001
0001000101101011
0001001000110000
0001000100000101
0000111011101110
0000110111101111
0000111011111110
0001000011010101
0001000110010001
0001000011011011
0000111110101111
0000111100001100
0000111100101101
0000111111100000
0001000011000000
0001000011110101
0001000000101011
0000111101100111
0000111101111000
0000111111011010
0001000000101011
0001000010000001
0001000010000111
0000111111100010
0000111101000101
0000111110001101
0001000001101100
0001000011001110
0001000001010000
0000111110100100
0000111110001111
0000111111110000
0001000000011011
0001000000011100
0001000001011101
0001000001011111
0000111110110100
0000111101000010
0000111111010011
0001000010111100
0001000011000010
0000111111011111
0000111101001100
0000111110110001
0001000001000000
0001000001010110
0001000001000001
0001000000110101
0000111111101100
0000111110000011
0000111110011001
0001000001001110
0001000010111001
0001000001001010
0000111110100111
0000111110010010
0000111111101011
0001000000100000
0001000000110111
0001000001110110
0001000001100111
0000111110011111
0000111100011110
0000111110111111
0001000010111101
0001000011011110
0001000000001101
0000111101100100
0000111110001110
0000111111101110
0001000000001001
0001000001011011
0001000011000101
0001000001001010
0000111101000101
0000111100100011
0001000000000011
0001000010110101
0001000010101001
0001000000101010
0000111110110010
0000111101100110
0000111110001110
0001000001011000
0001000011101110
0001000001110001
0000111101100101
0000111100010110
0000111111010011
0001000010101101
0001000011000101
0001000000110100
0000111110100110
0000111110001110
0000111110101001
0000111111110001
0001000010011001
0001000011011100
0001000000010001
0000111100011100
0000111100110110
0001000000111110
0001000011011110
0001000010000000
0000111111100110
0000111110100001
0000111110010101
0000111110110001
0001000000011011
0001000011000001
0001000011000100
0000111110111010
0000111011111010
0000111110001110
0001000010001100
0001000011001100
0001000001011110
0000111111100010
0000111110001100
0000111101011110
0000111110110000
0001000010010110
0001000100011010
0001000001011101
0000111100011110
0000111011110010
0000111111110100
0001000011000101
0001000010101100
0001000001000001
0000111111110000
0000111110001000
0000111101010100
0000111111100101
0001000011001100
0001000011011110
0000111111100101
0000111100011100
0000111101110111
0001000001010011
0001000010110101
0001000001101011
0000111111100010
0000111110000010
0000111101100101
0000111111001001
0001000010110100
0001000100010110
0001000000110010
0000111100000111
0000111011111100
0001000000010100
0001000011100001
0001000010010110
0001000000010110
0001000000000000
0000111110101100
0000111100110010
0000111110100110
0001000011101000
0001000100110001
0000111111010010
0000111010111001
0000111101111011
0001000011000101
0001000011010010
0001000000011000
0000111111010100
0000111111010110
0000111101100110
0000111101001101
0001000001111101
0001000110000100
0001000010011111
0000111011101101
0000111011000011
0001000000001001
0001000010111100
0001000001001101
0001000000100001
0001000001110001
0000111111010000
0000111011000111
0000111110000110
0001000101011100
0001000101000100
0000111101101001
0000111010111001
0000111111100001
0001000011000011
0001000001010000
0000111111011000
0001000000101101
0001000000101010
0000111101001011
0000111100110010
0001000010011001
0001000101111100
0001000001011010
0000111011101100
0000111100101000
0001000000100000
0001000001011011
0001000001000100
0001000010000000
0001000001011101
0000111101100000
0000111011100101
0001000000011000
0001000101011001
0001000010011111
0000111100010111
0000111100100010
0001000001010100
0001000010010000
0000111111100001
0000111111110110
0001000010001001
0000111111111100
0000111011101110
0000111101110100
0001000100000101
0001000100101011
0000111111011011
0000111100111100
0000111110111110
0001000000000100
0000111111011111
0001000001001110
0001000011100011
0001000000101011
0000111011000101
0000111100000101
0001000011010010
0001000101011001
0000111111100110
0000111100010010
0001000000001111
0001000010100111
0000111110100110
0000111101000010
0001000010010011
0001000100011101
0000111110010011
0000111010100000
0001000000001101
0001000101100010
0001000001100000
0000111100000011
0000111110010111
0001000010010110
0001000000001111
0000111101100011
0001000000110100
0001000100011001
0001000000110011
0000111011001000
0000111101000101
0001000011101011
0001000100000100
0000111110010011
0000111100110000
0001000000110010
0001000001110001
0000111110101000
0000111110111010
0001000010110010
0001000010100100
0000111101100001
0000111011111111
0001000000110111
0001000011110110
0001000000100011
0000111101101011
0000111111100011
0001000001000000
0000111111001011
0000111111000000
0001000010001001
0001000010111010
0000111110101001
0000111011111010
0000111111110001
0001000011110111
0001000001011110
0000111101011101
0000111110111011
0001000010011110
0001000000101111
0000111100111001
0000111111000000
0001000011110000
0001000010010011
0000111100111011
0000111100100001
0001000001010111
0001000011011010
0001000000000110
0000111101100110
0000111111011110
0001000001100001
0001000000001001
0000111110101100
0001000000101110
0001000010100101
0000111111111011
0000111100111011
0000111111010010
0001000010100010
0001000000110001
0000111110011110
0001000000100110
0001000010000100
0000111110101110
0000111100100110
0001000000011010
0001000100000000
0001000001010000
0000111100101111
0000111101101110
0001000010000011
0001000010010001
0000111110110001
