0001000000100000
0001000010001001
0001000000001111
0000111110101011
0000111111111001
0001000001000011
0000111111100111
0000111110010010
0001000000010000
0001000010100111
0001000000110100
0000111110000001
0000111111010110
0001000001101000
0001000000000001
0000111101110000
0000111111110100
0001000011000010
0001000001101100
0000111110001010
0000111110001100
0001000000100001
0001000000110111
0000111111010011
0000111111001010
0001000001010111
0001000010001000
0000111111100101
0000111110010110
0001000000000100
0001000000110010
0000111111011100
0000111111001000
0001000000110011
0001000001100110
0001000000000001
0000111110101010
0001000000000101
0001000001100010
0000111111110000
0000111110000100
0001000000001100
0001000010010001
0001000000100101
0000111110011101
0000111111011101
0001000000111111
0000111111111000
0000111110111001
0001000000100110
0001000001110111
0001000000011010
0000111110110101
0000111111100110
0001000001000001
0000111111110101
0000111110000100
0000111111101100
0001000010001110
0001000001010100
0000111110110111
0000111111001101
0001000001001110
0001000000011100
0000111101111010
0000111110110100
0001000010011100
0001000010100011
0000111110110010
0000111101101101
0001000000101001
0001000001010011
0000111111000100
0000111111010000
0001000001001111
0001000001001000
0000111111101011
0000111111101101
0001000000101011
0000111111111111
0000111110010111
0000111110111011
0001000001011110
0001000010001110
0000111111101101
0000111101111101
0000111111111100
0001000001111011
0001000000010001
0000111110000100
0000111111011111
0001000010010111
0001000001011100
0000111110011101
0000111110101011
0001000000100001
0001000000010110
0000111111010101
0000111111100100
0001000001001010
0001000001111011
0000111111111111
0000111110001100
0000111111011111
0001000000111001
0000111111111000
0000111111100100
0001000001010100
0001000001100011
0000111111100001
0000111110100100
0000111111101001
0001000000100001
0000111111110001
0000111111010110
0001000000111101
0001000010000001
0001000000011001
0000111110010100
0000111110101010
0001000000101111
0001000001010101
0000111111110000
0000111111001101
0001000000101110
0001000001000010
0000111111001000
0000111101110010
0000111100010001
0000111001100011
0001000001001000
0001010111000101
0001011100100001
0000110101000010
0000001010011111
0000011100001110
0001011100011100
0010000000000000
0001100000101010
0000100001000101
0000000010111010
0000100001101000
0001011000011001
0001110100111100
0001100101000010
0000110101011001
0000001010011011
0000010000100111
0001000101110111
0001110110000011
0001110011011010
0001000000110101
0000001100010101
0000001010001111
0000111011001000
0001101100101101
0001110100100010
0001010000101010
0000011100001100
0000000101011100
0000100111011110
0001100010000101
0001111011001110
0001011100100000
0000100011100011
0000000111001100
0000100010010101
0001010100101000
0001110000010110
0001100100011001
0000111001101010
0000001111010111
0000010000111010
0001000001101010
0001110001000101
0001110001011001
0001000100010011
0000010011000011
0000001101011101
0000110111010110
0001100101110100
0001110010001110
0001010100011111
0000100000000100
0000000101101101
0000100110010010
0001100001001110
0001111010001100
0001011100100000
0000100101100111
0000000111011000
0000011110100000
0001010010111000
0001110100110011
0001101010000001
0000111001010110
0000001001011010
0000001100101000
0001000011010110
0001110101001111
0001110011010100
0001000011110110
0000010010010010
0000001011111101
0000110011111111
0001100100100100
0001110110101000
0001011001001011
0000011110111101
0000000010000000
0000100101000010
0001100001000100
0001111001011111
0001011101011101
0000101001001011
0000001010001100
0000011101010011
0001001110111000
0001110010010000
0001101010101011
0000111010110100
0000001010010111
0000001110011011
0001000101001000
0001110011111001
0001101111101111
0001000010010101
0000010100000000
0000001101111001
0000110100110111
0001100101001110
0001110101110000
0001010110001100
0000011101010100
0000000011111011
0000101000001011
0001100010010101
0001110111100011
0001011001110111
0000100111110101
0000001100010000
0000011110110100
0001001110011011
0001110010101000
0001101011100100
0000111001100011
0000001000100110
0000001111011001
0001000110111111
0001110011000101
0001101110000011
0001000011010000
0000010101101100
0000001101011101
0000110011100110
0001100101000001
0001110101111111
0001010110010010
0000011101100000
0000000100011011
0000101000010100
0001100000101010
0001110101110010
0001011011110001
0000101011010111
0000001011011000
0000011010111011
0001001101111101
0001110101010010
0001101100011001
0000111000000110
0000001000001100
0000010000100101
0001000111001011
0001110010000001
0001101110000011
0001000100000011
0000010101010011
0000001100011101
0000110100000010
0001100111001000
0001110111000110
0001010100001100
0000011011001111
0000000101100100
0000101010100001
0001100000001011
0001110100011110
0001011100100111
0000101011111011
0000001001011110
0000011001111111
0001010000011001
0001110111111111
0001101011011011
0000110100100110
0000000110111100
0000010010100110
0001001000101100
0001110001100001
0001101101010001
0001000100010011
0000010101010110
0000001010100011
0000110010110100
0001101001011001
0001111001100011
0001010011011000
0000011001101101
0000000101110101
0000101010101100
0001011111010011
0001110100101111
0001011110001000
0000101011111110
0000001000010000
0000011001111011
0001010001011101
0001111000010010
0001101010110100
0000110100001110
0000000111001111
0000010011000101
0001001000100000
0001110001000010
0001101110000100
0001000101100010
0000010100101010
0000001001010000
0000110010111111
0001101010000011
0001111001100000
0001010011001111
0000011001101011
0000000101101010
0000101010101010
0001011111100100
0001110100111111
0001011110100000
0000101100010100
0000000111010111
0000011000011101
0001010001011100
0001111001011101
0001101010111011
0000110011100010
0000001000010001
0000010100011000
0001000110110101
0001101110100110
0001101110101101
0001001000000100
0000010101010000
0000000111011100
0000110010001001
0001101011010110
0001111010010011
0001010010011001
0000011001011101
0000000111000000
0000101011001111
0001011101111101
0001110011011110
0001011110110100
0000101101010101
0000001000000011
0000011001000110
0001010001101100
0001110111110110
0001101000111010
0000110100101001
0000001011000110
0000010100110111
0001000101010010
0001101101101100
0001101111001000
0001000111110001
0000010011110010
0000000111111011
0000110100111001
0001101100000110
0001110111110111
0001010000001000
0000011001111001
0000001000101110
0000101011011111
0001011101011011
0001110100000101
0001011111110010
0000101100100110
0000000110110010
0000011001001100
0001010010011001
0001110111101110
0001100111111111
0000110100001100
0000001011111100
0000010101110110
0001000101000111
0001101101001010
0001101111000000
0001000111111100
0000010011100101
0000000111110001
0000110101110001
0001101100100010
0001110110000011
0001001110110011
0000011011110001
0000001010011001
0000101001111100
0001011011110101
0001110100111011
0001100000011101
0000101011010111
0000000110000000
0000011010110100
0001010100010101
0001110111001000
0001100101111110
0000110100000101
0000001101011101
0000010101111011
0001000011101000
0001101101000101
0001110000001110
0001000111100101
0000010010010001
0000001000010000
0000110111110101
0001101101011101
0001110100101100
0001001100111101
0000011011101110
0000001011110101
0000101010010100
0001011010011001
0001110100011011
0001100010001010
0000101100000011
0000000011111101
0000011001101011
0001010101111110
0001111000001110
0001100101001011
0000110011101001
0000001101100101
0000010101111101
0001000100000011
0001101101000001
0001101111001111
0001000111000001
0000010011011011
0000001001110110
0000110111000111
0001101010110110
0001110011110111
0001001111001001
0000011101010111
0000001010111100
0000101001110110
0001011011111011
0001110101000001
0001100000001001
0000101010011010
0000000101100011
0000011100000000
0001010101000011
0001110101100100
0001100100101011
0000110101011011
0000001110101111
0000010100101101
0001000010110100
0001101110000010
0001110000011100
0001000110100010
0000010010011101
0000001001101000
0000110111100011
0001101010110111
0001110011010001
0001001111001010
0000011101101111
0000001010100110
0000101001100101
0001011100110100
0001110101100100
0001011111000000
0000101001100110
0000000110110100
0000011101010110
0001010100011001
0001110100010011
0001100100111110
0000110110010010
0000001110101111
0000010100011111
0001000010110110
0001101110000111
0001110000010011
0001000101110010
0000010001111100
0000001010111111
0000111000111001
0001101001100011
0001110001110111
0001010000100010
0000011111010000
0000001001010101
0000100111101111
0001011101101111
0001110111010011
0001011101011100
0000100111011000
0000001000000001
0000011111100010
0001010100001000
0001110010100110
0001100100101011
0000110111101100
0000001110101101
0000010010100100
0001000010110111
0001110000010110
0001110000111101
0001000011111010
0000010001011011
0000001100111101
0000111001110001
0001100111111000
0001101111110110
0001010000001101
0000100000111010
0000001011001110
0000100111111111
0001011100011101
0001110110001011
0001011101111001
0000100111111000
0000000111100100
0000011111011000
0001010100001100
0001110010101000
0001100100110110
0000110111011000
0000001110100001
0000010011001101
0001000011100000
0001110000000111
0001101111100111
0001000011001001
0000010010110000
0000001110011011
0000111001010000
0001100110011011
0001101111101001
0001010001100110
0000100001100101
0000001001110110
0000100110101110
0001011101010011
0001110111001110
0001011101011101
0000100111100001
0000001000010011
0000011111111111
0001010011101110
0001110001111011
0001100101011000
0000111000100011
0000001110000110
0000010001101111
0001000011001010
0001110000110111
0001110000000010
0001000011000010
0000010010100110
0000001110000100
0000111000100001
0001100110011110
0001110000110010
0001010010000100
0000100000101111
0000001000111101
0000100110110100
0001011101111101
0001110111100011
0001011101000001
0000100111000001
0000001000011111
0000100000010101
0001010011100111
0001110001101000
0001100101011000
0000111000111001
0000001110010111
0000010001011111
0001000010111010
0001110001011000
0001110000100001
0001000010110010
0000010010100111
0000001110011010
0000110111110010
0001100101011011
0001110001100001
0001010011111000
0000100000111100
0000000111100101
0000100110000110
0001011110000000
0001110111110001
0001011101100100
0000100111100100
0000001000110011
0000100000001001
0001010010101111
0001110000110000
0001100101001001
0000111001101010
0000001111001110
0000010000111110
0001000010001011
0001110001010100
0001110000100010
0001000011000110
0000010100000110
0000010010000010
0000111110011101
0001100101001000
0001011011101001
0000110111010101
0000101010011101
0000111100100100
0001001010100001
0001000001111101
0000110111001010
0000111100111010
0001000111111111
0001000111001001
0000111101011011
0000111000000000
0000111011110110
0001000011110100
0001000110100110
0001000001110101
0000111100111100
0000111100111101
0000111110101010
0000111111000000
0001000000111001
0001000100111101
0001000100010100
0000111100011101
0000110111101111
0000111101111001
0001000110011000
0001000101010111
0000111110011001
0000111100010111
0000111110110101
0000111111010110
0000111111001110
0001000010011111
0001000100101100
0000111111101011
0000111001011110
0000111101010101
0001000110010010
0001000100111001
0000111011100101
0000111010110110
0001000011010000
0001000101100100
0000111110010010
0000111010011100
0001000000011100
0001000100111011
0000111111101111
0000111010101111
0000111111010110
0001000101011110
0001000010100000
0000111100010111
0000111101010111
0001000001101100
0001000000101010
0000111101101000
0001000000011000
0001000101000011
0001000001111111
0000111010101000
0000111010110001
0001000001100011
0001000100000101
0001000000111001
0001000000001101
0001000010011100
0001000000001110
0000111010011101
0000111011000010
0001000011011000
0001000111101011
0001000001001100
0000111010011111
0000111101000111
0001000001100101
0001000000000011
0000111110101101
0001000010110001
0001000100001101
0000111101110110
0000111001101001
0000111111010011
0001000101010000
0001000010000100
0000111100011101
0000111110001101
0001000010111010
0001000001000000
0000111100010011
0000111111000001
0001000100110110
0001000001111011
0000111010100101
0000111100001111
0001000100011000
0001000100111000
0000111101100111
0000111011100010
0001000001000000
0001000011000011
0000111110111000
0000111101111010
0001000010001000
0001000010010100
0000111100110111
0000111011111110
0001000010000000
0001000100010011
0000111111010001
0000111100110101
0001000000111010
0001000010011010
0000111101110110
0000111100011100
0001000010000110
0001000100111111
0000111110111111
0000111010011001
0000111111100011
0001000100011110
0001000000011101
0000111100010100
0000111111110100
0001000011100111
0001000000001001
0000111011101101
0000111111011111
0001000100111010
0001000001100001
0000111011011110
0000111101001101
0001000010100100
0001000010010011
0000111110101001
0000111111010001
0001000010010000
0001000000010100
0000111011110000
0000111101011010
0001000011110100
0001000100000110
0000111101110011
0000111100001011
0001000001000001
0001000010011000
0000111110001000
0000111101011001
0001000010011011
0001000011011100
0000111101011000
0000111011001011
0001000001101101
0001000101101111
0001000000001101
0000111010110011
0000111101101001
0001000010010110
0001000001100000
0000111110111110
0001000000001101
0001000001111110
0000111111001100
0000111011111001
0000111110111010
0001000100010111
0001000011010110
0000111101101000
0000111100100000
0001000000010100
0001000001010010
0000111110111111
0000111111111101
0001000010110011
0001000000101101
0000111011111001
0000111100101110
0001000010111100
0001000101000100
0000111111111010
0000111011100000
0000111101101011
0001000001100101
0001000001100110
0000111111110110
0001000000100011
0001000001001110
0000111110011001
0000111100011001
0000111111101000
0001000011110110
0001000010110010
0000111110001101
0000111100110011
0000111111010111
0001000000110000
0001000000000011
0001000000110001
0001000010011101
0001000000011101
0000111011111010
0000111100011011
0001000010011100
0001000100111010
0001000000010111
0000111100001111
0000111101111100
0001000000110111
0001000000011010
0001000000001000
0001000010001100
0001000001011011
0000111100101111
0000111011010110
0001000000010010
0001000100110001
0001000010111110
0000111110010011
0000111100111010
0000111110100111
0000111111101010
0001000000011110
0001000010100000
0001000010110101
0000111110101101
0000111011000011
0000111101101100
0001000010111110
0001000011110111
0001000000000110
0000111101011010
0000111110100011
0000111111110100
0000111111010010
0001000000010111
0001000010111111
0001000001111111
0000111100110110
0000111010110010
0000111111101111
0001000100111000
0001000010111000
0000111101101110
0000111101000111
0001000000000101
0001000000100110
0000111111011111
0001000000101000
0001000001010011
0000111110110001
0000111101001010
0000111111101000
0001000010101101
0001000010011011
0000111111001100
0000111101100110
0000111110111100
0000111111101101
0000111111100111
0001000001101100
0001000010111110
0000111111100010
0000111011111010
0000111101100110
0001000001101111
0001000010110011
0001000000100001
0000111110100101
0000111110111000
0000111111011001
0000111111101110
0001000001001111
0001000001101110
0000111111001111
0000111100100101
0000111101111001
0001000010001100
0001000011001010
0000111111101010
0000111110000011
0000111111110010
0001000000000111
0000111110100001
0000111111001100
0001000010010111
0001000010100100
0000111110010101
0000111100010100
0000111111101101
0001000010110010
0001000000111011
0000111101110100
0000111110010110
0001000000011111
0001000000100101
0000111111111001
0001000000110000
0001000001001010
0000111110111110
0000111101001000
0000111110111110
0001000001110110
0001000001111000
0001000000000110
0000111111011001
0000111111011010
0000111110010001
0000111110001101
0001000001001110
0001000010111100
0001000000001110
0000111101011001
0000111110010100
0001000000101011
0001000000111010
0000111111101000
0000111111011000
0001000000011010
0001000000100100
0000111111001011
0000111110110001
0001000000100011
0001000001000010
0000111110111100
0000111110001111
0001000000010111
0001000001110000
0001000000010011
0000111110111011
0000111111100111
0000111111111100
0000111110101111
0000111110110110
0001000000111100
0001000001110111
0000111111110011
0000111101111111
0000111111011011
0001000001001111
0001000000000010
0000111110010001
0000111111101010
0001000001111101
0001000000101101
0000111101111000
0000111110101111
0001000001100100
0001000000110010
0000111101101110
0000111110001110
0001000001101100
0001000010000111
0000111111011001
0000111110100101
0001000000000011
0001000000000011
0000111110011100
0000111110111010
0001000001101101
0001000010000010
0000111110110000
0000111101100100
0001000000001101
0001000001011110
0000111111011001
0000111110000011
0001000000000010
0001000001110011
0001000000001100
0000111110101101
0001000000000010
0001000000110011
0000111111000101
0000111101111100
0000111111100001
0001000001101011
0001000001010010
0000111111010111
0000111111001011
0000111111110111
0000111111000101
0000111110100100
0001000000001000
0001000001101100
0001000001001010
0000111111000110
0000111110000100
0000111111011110
0001000000111100
0001000000001101
0000111110111101
0000111111001111
