0000111111101111
0001000010111110
0001000001110011
0000111101011111
0000111101101110
0001000010100011
0001000010111000
0000111101111010
0000111101001000
0001000010001000
0001000011011000
0000111110100100
0000111100111000
0001000001001110
0001000011011110
0000111111101110
0000111101010001
0001000000010101
0001000010111010
0001000000001000
0000111101100000
0001000000000110
0001000010101100
0000111111111010
0000111101001110
0001000000100110
0001000011101001
0001000000000011
0000111100101011
0001000000010000
0001000011100110
0000111111111101
0000111100001001
0000111111110011
0001000100100000
0001000001011110
0000111100011010
0000111110011001
0001000011001100
0001000001110111
0000111101001110
0000111110001110
0001000010111111
0001000010100110
0000111110001111
0000111101111001
0001000001001111
0001000001111100
0000111111000111
0000111110011011
0001000001011000
0001000010000111
0000111110110101
0000111110000011
0001000001110001
0001000010011110
0000111101111011
0000111101000010
0001000010100001
0001000100011010
0000111111000000
0000111011111101
0001000000010010
0001000011110010
0001000000001110
0000111100011110
0000111111110100
0001000100010000
0001000001100110
0000111100100000
0000111110000001
0001000010110110
0001000001111010
0000111101101100
0000111110111111
0001000011010100
0001000001110101
0000111100111011
0000111101110000
0001000010011111
0001000001111010
0000111101101011
0000111110011101
0001000011100010
0001000011100111
0000111101111001
0000111100010101
0001000001010001
0001000011000010
0000111110011111
0000111100101001
0001000001101111
0001000101000101
0001000000010110
0000111100000011
0000111111000000
0001000010010001
0001000000001000
0000111101111111
0001000000101011
0001000011011010
0001000000111001
0000111101100100
0000111111000111
0001000001110011
0001000000001101
0000111101110101
0001000000000011
0001000011000011
0001000001010000
0000111110000000
0000111110110111
0001000001100010
0001000000101101
0000111101111011
0000111111000001
0001000011000111
0001000011000111
0000111110110100
0000111101010110
0001000000100100
0001000010001000
0000111111000011
0000111101100111
0001000001011101
0001000011011100
0000111111101100
0000111100110111
0000111100001011
0000111001100001
0000111111111101
0001010110100010
0001011110001010
0000110111111000
0000001011011110
0000011010110011
0001011010011001
0001111110001110
0001011111111000
0000100011010001
0000000111000001
0000100011010010
0001010100101010
0001101110111000
0001100011110001
0000111010010100
0000001111010010
0000001111110010
0001000001011000
0001110010111100
0001110011111011
0001000011011001
0000001110101110
0000001010110110
0000111001011101
0001101000110010
0001110001000110
0001010010001110
0000100010100100
0000001001011000
0000100011111101
0001011010110111
0001110111110110
0001100000100001
0000101010000101
0000001000010110
0000011101111100
0001010001001000
0001101111010101
0001100100111011
0000111100111110
0000010011010001
0000001111110111
0000111011111111
0001101100101010
0001110010111010
0001001001111110
0000010110001110
0000001010100011
0000110010101001
0001100011110001
0001110001111000
0001010101100111
0000100100110011
0000001010001111
0000100011110101
0001011001010110
0001110101011101
0001011111011111
0000101011010010
0000001001100110
0000011101110100
0001010010000010
0001110010100101
0001100110000010
0000110111001010
0000001100000011
0000010001101101
0001000101110000
0001110011010001
0001101111111110
0001000000101011
0000001111010111
0000001100000001
0000111010001001
0001101011010011
0001110011111001
0001001111011110
0000011011001110
0000000110110111
0000101001110010
0001100010010111
0001111001000001
0001011010011001
0000100010110110
0000000101111001
0000100000111101
0001011000011100
0001110110111011
0001100100001101
0000110000100100
0000000111011000
0000010011110010
0001001011110000
0001110110100011
0001101110010011
0000111101010101
0000001100110110
0000001011011011
0000111011111000
0001101110000010
0001110110001001
0001001111100101
0000010110110100
0000000001100011
0000101011010101
0001101001001100
0001111100101101
0001011000100110
0000011111001110
0000000010110111
0000011111111000
0001011010011000
0001111010001110
0001100101111101
0000101111101101
0000000100110101
0000010001011000
0001001100001000
0001111010010100
0001110001100001
0000111100001011
0000001000111111
0000001000100101
0000111100010010
0001110001111001
0001111001011011
0001001110010101
0000010011101110
0000000000100110
0000101011010001
0001101000100101
0001111101000000
0001011010110000
0000100000111110
0000000010000000
0000011101101011
0001011010001100
0001111100110110
0001100111010111
0000101101001001
0000000010010011
0000010010101010
0001001110011111
0001111010001010
0001110000010001
0000111100010111
0000001001000111
0000000111011000
0000111100100101
0001110100011101
0001111010010010
0001001011110000
0000010001010011
0000000001101100
0000101101110001
0001101001001110
0001111100001010
0001011001101010
0000011111011011
0000000001000101
0000011110110010
0001011100000111
0001111101100110
0001100110100101
0000101011100101
0000000001101100
0000010011110010
0001001111100111
0001111010010010
0001101111111110
0000111011011110
0000000111110001
0000000111010101
0000111110010000
0001110110000111
0001111010000100
0001001001110100
0000001111110001
0000000001111111
0000101111111000
0001101011001001
0001111011011010
0001010111100000
0000011111000000
0000000010001101
0000011111011110
0001011011110011
0001111100111010
0001100110011011
0000101011111010
0000000001010101
0000010010111111
0001001111110111
0001111011001000
0001101111110100
0000111010000100
0000000111000000
0000001000110011
0000111111111001
0001110101011000
0001111000100101
0001001001100011
0000010000010110
0000000010101100
0000101111010010
0001101001011101
0001111011110100
0001011010001101
0000011111110101
0000000000001001
0000011110001111
0001011101001011
0001111101110011
0001100100110110
0000101010111110
0000000010110010
0000010011111100
0001001111001111
0001111010101110
0001101111111001
0000111010001110
0000000111100111
0000001001001001
0000111111010111
0001110100110000
0001111000101101
0001001010011100
0000010000011011
0000000001100110
0000101111010010
0001101011000000
0001111100011000
0001011000101001
0000011110000111
0000000000001111
0000011111011011
0001011101110111
0001111101110101
0001100100111110
0000101010101101
0000000010001100
0000010100111010
0001010000101110
0001111001111100
0001101110000000
0000111010000000
0000001000110010
0000001001110001
0000111110101011
0001110100010001
0001111001101010
0001001010111101
0000001111010101
0000000000101111
0000110000000111
0001101011110110
0001111011100000
0001010111101001
0000011111001110
0000000001101110
0000011110010100
0001011011111111
0001111110001010
0001100110001011
0000101010100011
0000000001101000
0000010101000000
0001010000110000
0001111001111000
0001101110011110
0000111010101010
0000001000100100
0000001000101011
0000111110000001
0001110100111001
0001111010100111
0001001011000110
0000001110101110
0000000000000111
0000110000000110
0001101100010000
0001111011110010
0001010111100100
0000011111000010
0000000001111110
0000011111001000
0001011011110100
0001111101010100
0001100110110101
0000101011100110
0000000000101001
0000010011110000
0001010001001110
0001111010000100
0001101101100001
0000111010101010
0000001001101010
0000001001010001
0000111101110100
0001110011111111
0001111001101100
0001001011100010
0000001111101001
0000000000010100
0000110000000101
0001101100000010
0001111010111100
0001010111010101
0000011111111111
0000000010100110
0000011110011001
0001011010111101
0001111101100001
0001100111001100
0000101011110000
0000000001010101
0000010100001011
0001010001000011
0001111001111101
0001101100111000
0000111001110011
0000001001101011
0000001001111111
0000111110110010
0001110100100011
0001111000100011
0001001001011011
0000001111101111
0000000010101011
0000110001000000
0001101010111000
0001111010010100
0001010111011111
0000100000000101
0000000010100101
0000011110010110
0001011011000111
0001111101010100
0001100110000101
0000101011110001
0000000011010001
0000010100111010
0001001111001010
0001111000001011
0001101101110110
0000111011110010
0000001001110010
0000001001011110
0000111111100010
0001110100101000
0001110111000000
0001001000100100
0000010000111100
0000000011111011
0000110000001011
0001101001100100
0001111010100000
0001011000011001
0000100000010011
0000000001111111
0000011110010001
0001011011101111
0001111101000111
0001100101011001
0000101011111111
0000000011111011
0000010101001110
0001001110111000
0001110111010101
0001101100110001
0000111011011000
0000001011000001
0000001010101100
0000111111001101
0001110100000011
0001110110010010
0001000111110100
0000010010010110
0000000110010110
0000110000000111
0001100110111101
0001111001000011
0001011001111001
0000100001100000
0000000000101111
0000011101101000
0001011101101000
0001111110001001
0001100011010011
0000101010010100
0000000101010110
0000010110101010
0001001101111000
0001110110100110
0001101110101001
0000111100110000
0000001000111010
0000001000101111
0001000000011000
0001110100111011
0001110101010110
0001000111111110
0000010011011001
0000000101100011
0000101110001010
0001100111011010
0001111011100111
0001011010010010
0000011110111111
0000000000000000
0000011111111101
0001011110110001
0001111100101011
0001100010010000
0000101010110100
0000000110000100
0000010110011111
0001001100101101
0001110110011111
0001101111110111
0000111101001011
0000001001000000
0000001001010110
0000111111110100
0001110011010111
0001110100111111
0001001001010010
0000010100101010
0000000101001101
0000101101010000
0001100111101111
0001111100001111
0001011001000110
0000011101111010
0000000001011101
0000100001010111
0001011101010110
0001111010101100
0001100011000011
0000101101010101
0000000110010100
0000010100001010
0001001011111000
0001110111110000
0001110000010010
0000111100110000
0000001001010110
0000001001101000
0000111111010101
0001110011001011
0001110101011010
0001001001101100
0000010100100001
0000000100101110
0000101101011010
0001101000100101
0001111100101100
0001011000010000
0000011100101101
0000000010010101
0000100010110110
0001011011110000
0001111000011111
0001100100101000
0000101111111000
0000000101000100
0000010001100010
0001001100101011
0001111010011011
0001110000001011
0000111010011000
0000001000101010
0000001010110000
0000111111000001
0001110001100000
0001110101111000
0001001011110001
0000010100101010
0000000011011000
0000101101000000
0001101000101111
0001111100000001
0001011000001100
0000011110101110
0000000011100100
0000100001000110
0001011010001000
0001111001100000
0001100101100101
0000101110111111
0000000100111000
0000010011000001
0001001100111110
0001111000100000
0001101111010100
0000111100000101
0000001011000000
0000001110000010
0001000110001011
0001110010010001
0001011110111111
0000101100101001
0000011101010101
0000111001111111
0001010010100011
0001001100010011
0000111101110001
0000111011011001
0000111100011100
0000111001010011
0000111100010010
0001001000010111
0001001101001001
0001000001110111
0000110101000110
0000110101101100
0001000000000101
0001001000111110
0001001001011100
0001000001011111
0000111000010011
0000110110111011
0000111110000001
0001000110101110
0001001001100011
0001000100001010
0000111010111101
0000110101011010
0000111001101100
0001000101100100
0001001100110111
0001000110111111
0000111010011001
0000110100000110
0000111001000111
0001000011101111
0001001011011101
0001001010110101
0001000000010100
0000110011001001
0000110001100101
0001000000001100
0001010000010001
0001001111111100
0000111111011100
0000110000010100
0000110001100000
0000111111110010
0001001100100001
0001001101100010
0001000100001001
0000111000011001
0000110010101111
0000111000100101
0001000110000001
0001001101111011
0001001000000000
0000111011001001
0000110100010101
0000111000110110
0001000011001001
0001001001111100
0001000111110111
0000111111001001
0000110111110011
0000110111110010
0000111111001111
0001000111111011
0001001001010110
0001000001101010
0000111001010101
0000111000101011
0000111110010011
0001000011111000
0001000110000100
0001000100001100
0000111110011001
0000111001011011
0000111011000100
0001000010000010
0001000110010100
0001000100001010
0000111111010110
0000111100011101
0000111100011101
0000111110010010
0001000001101011
0001000100110100
0001000011010010
0000111101001011
0000111010011011
0000111110110111
0001000011111100
0001000011001111
0000111111010111
0000111110000001
0000111111010000
0000111111111010
0001000000000111
0001000001101011
0001000010010011
0000111111010001
0000111100011000
0000111110110000
0001000011000111
0001000010100011
0000111110011110
0000111101101001
0001000000010000
0001000000111101
0000111111100101
0001000000000110
0001000001110000
0001000000100011
0000111101110000
0000111110011000
0001000001111001
0001000010011100
0000111111001101
0000111101101110
0000111111110000
0001000001001101
0001000000010011
0000111111111011
0001000001000101
0001000000011000
0000111101110011
0000111110000010
0001000001101100
0001000011101001
0001000000111100
0000111100111111
0000111101001010
0001000000101010
0001000001100000
0000111111111110
0001000000101101
0001000001101001
0000111110110100
0000111100110010
0000111111111011
0001000011011101
0001000010000000
0000111110000011
0000111101011100
0001000000000010
0001000001100000
0001000000011101
0000111111101111
0001000000110010
0001000000101001
0000111101111111
0000111101110101
0001000001110000
0001000011010011
0000111111111100
0000111101010011
0000111110111011
0001000001000111
0001000000100001
0000111111100110
0001000001001000
0001000001111100
0000111110110100
0000111100100110
0000111111110110
0001000011001000
0001000001011001
0000111110011001
0000111110011101
0001000000010100
0001000001001001
0001000000010100
0000111111100001
0000111111111101
0001000000001001
0000111111001010
0000111111000110
0001000000110000
0001000001011011
0001000000000010
0000111110110010
0000111111010000
0001000000011100
0001000000100010
0001000000001000
0001000000110101
0001000000111011
0000111110111001
0000111101111100
0001000000000010
0001000001110100
0001000000110000
0000111111011011
0000111111101101
0001000000000111
0000111111110100
0000111111010000
0000111111101000
0001000001000000
0001000000110000
0000111111001100
0000111111010110
0001000000110100
0001000001010010
0000111111110100
0000111110001001
0000111111000100
0001000001001011
0001000001000101
0000111111101111
0000111111111110
0001000000110111
0000111111101001
0000111101111011
0000111111100100
0001000010110100
0001000001111011
0000111101111101
0000111101101111
0001000000111000
0001000001011110
0000111111101001
0000111111101000
0001000000111111
0001000000001000
0000111101110010
0000111110101000
0001000010000101
0001000010101001
0000111111011111
0000111101100010
0000111111011000
0001000001111111
0001000000110110
0000111110011001
0000111111111011
0001000001111101
0000111111011011
0000111101000111
0000111111111000
0001000011010101
0001000001011001
0000111101000000
0000111101111000
0001000010001010
0001000010001010
0000111110110000
0000111110100100
0001000001001111
0001000001000010
0000111110001111
0000111110101011
0001000010000101
0001000010100010
0000111110101101
0000111100010111
0000111111100100
0001000010111111
0001000001000010
0000111110101011
0001000000010100
0001000000101010
0000111101101011
0000111101111001
0001000010011001
0001000011100111
0000111111000101
0000111100011110
0000111111111001
0001000010101100
0001000000011001
0000111101111010
0000111111111010
0001000010000111
0000111111011110
0000111100110001
0001000000001001
0001000100001100
0001000001101010
0000111100011100
0000111100111001
0001000001111000
0001000010111011
0000111111000000
0000111110000011
0001000001011101
0001000001010000
0000111101000110
0000111101110100
0001000011010010
0001000011011111
0000111101110100
0000111100011010
0001000001011000
0001000010110011
0000111110101001
0000111110001010
0001000010011101
0001000010100000
0000111100111010
0000111011010100
0001000001110110
0001000101111001
0001000000001001
0000111011000011
0000111110110001
0001000011001000
0001000000101110
0000111101011110
0000111111111010
0001000010111101
0000111111111011
0000111100001001
0000111111000110
0001000011110001
0001000001100110
0000111100100110
0000111110000101
0001000010101010
0001000001010101
0000111101101011
0000111111100111
0001000010111011
0001000000000100
0000111011100101
0000111110011100
0001000100110000
0001000011001100
0000111100010100
0000111100101111
0001000010100101
0001000001111010
0000111101000111
0000111110011100
0001000011010110
0001000010101001
0000111101010010
0000111100011101
0001000001100100
0001000011011011
0000111110100110
0000111100011011
0001000001001110
0001000011101100
0000111111001000
0000111100100111
0001000000111001
0001000011010110
0000111110111101
0000111011100111
0000111111111000
0001000100101101
0001000001100101
0000111100001100
0000111110000111
0001000010110110
0001000001000000
0000111100110001
0000111111000001
0001000011110010
0001000001111000
0000111100110001
0000111101101011
0001000010010110
0001000001110000
0000111101010011
0000111110001100
0001000011000001
0001000010100001
0000111101111110
0000111101010111
0001000000100101
0001000001101001
0000111111000010
0000111101111101
0001000001010100
0001000011000011
0000111111011010
0000111100111011
0000111111110110
0001000010011111
0001000000000010
0000111101010100
0000111111101100
0001000010110101
0001000000100101
0000111101001100
0000111111011011
0001000010101100
0001000000001001
0000111100011101
0000111110110110
