0000111101110010
0000111100110001
0001000010001110
0001000101000101
0000111111111000
0000111010111111
0000111111000000
0001000100001011
0001000000101111
0000111011111101
0000111111111011
0001000101010100
0001000000111100
0000111010110010
0000111110111101
0001000101100101
0001000001101100
0000111010010000
0000111101010101
0001000101111000
0001000100100011
0000111011110011
0000111011100010
0001000011001001
0001000011101010
0000111101000101
0000111100111010
0001000011011111
0001000100010111
0000111101101111
0000111100000110
0001000010010000
0001000011110000
0000111101100100
0000111011110111
0001000001111100
0001000100110111
0000111111110000
0000111100001101
0001000000100000
0001000011111101
0000111111101010
0000111011101011
0001000000001000
0001000101010000
0001000001001011
0000111011110011
0000111110111111
0001000011010011
0001000000010001
0000111100011111
0000111111110101
0001000100100001
0001000010001001
0000111100100111
0000111101011111
0001000011010011
0001000011010011
0000111101000010
0000111100101010
0001000011000011
0001000011101111
0000111101110000
0000111100001000
0001000001101001
0001000100001010
0000111110111000
0000111100000010
0001000001100010
0001000101000110
0001000000000100
0000111011101111
0000111111010100
0001000011010111
0001000000011110
0000111100101001
0000111111101001
0001000100100000
0001000001110011
0000111011110110
0000111101110001
0001000011101010
0001000010001110
0000111100111010
0000111110000011
0001000011100001
0001000011100011
0000111101110001
0000111100001011
0001000001001100
0001000011101101
0000111111111001
0000111101000110
0001000000001110
0001000011010101
0001000000101010
0000111101101000
0000111111111100
0001000010000001
0000111111101111
0000111110011110
0001000000101010
0001000001101111
0001000000000011
0000111110101010
0000111111110110
0001000001101110
0001000000100011
0000111101101000
0000111111000110
0001000011010001
0001000001101111
0000111100011111
0000111101111110
0001000011111110
0001000011000100
0000111101010001
0000111101100010
0001000010010011
0001000001110111
0000111101010110
0000111101100110
0001000010110110
0001000011100111
0000111110010010
0000111100110010
0001000001011000
0001000010001010
0000111001001100
0000110011001001
0001000110110001
0001100101111000
0001011001100111
0000011101001111
0000000001011101
0000110010111110
0001110011010100
0001111001100101
0001001001101000
0000010101101010
0000001001100001
0000101101001001
0001100000001000
0001111000011000
0001011111111100
0000100101001011
0000000000000000
0000011011101101
0001011001101000
0001111010110100
0001100111111001
0000110011101111
0000000111100101
0000001110100011
0001000110010000
0001111000010010
0001110100000100
0001000000010000
0000001101101100
0000001100000001
0000111001111011
0001101000110111
0001110010100111
0001010011111100
0000100010000000
0000001000001010
0000100100011001
0001011011001111
0001110101110001
0001011110101011
0000101101100010
0000001110001100
0000011101101001
0001001010100111
0001101011011001
0001101000101011
0001000011010000
0000010100000110
0000001101000100
0000111100100100
0001101111001001
0001110001001100
0001000101001110
0000010110011000
0000010000011110
0000110101110001
0001100000110101
0001110000000000
0001010111110101
0000100101001010
0000000110011010
0000100010110100
0001011111001011
0001111001111111
0001011011100110
0000100110001000
0000001100101100
0000100010110100
0001001110011010
0001101100011101
0001101000010110
0000111110011010
0000001110111000
0000001111001001
0001000011001000
0001110010000011
0001101110100111
0001000001111101
0000010100101111
0000010000001100
0000110111111011
0001100011111101
0001101111111101
0001010101000110
0000100010111110
0000000110100010
0000100100100101
0001011111010001
0001111000101000
0001011100100110
0000101000111100
0000001011110111
0000011110110100
0001001101011101
0001101111101011
0001101010110100
0000111100110111
0000001011110010
0000001110100101
0001000101011010
0001110100000001
0001101110001000
0000111111101101
0000010100000000
0000010001000110
0000110111001000
0001100100000010
0001110011110110
0001010110000111
0000011101101011
0000000100000101
0000101001101110
0001100011011111
0001110101100100
0001011000000101
0000101001000111
0000001101000000
0000011101111010
0001001111000000
0001110100001000
0001101011010001
0000110111010101
0000000111010111
0000010001110000
0001001011010000
0001110011011110
0001101001011110
0000111111110011
0000010111100011
0000010000001110
0000110011111111
0001100101101110
0001110111101011
0001010101001101
0000011001101011
0000000011001110
0000101100000100
0001100100001100
0001110100110000
0001011001000101
0000101010000111
0000001011111001
0000011011110011
0001001110001101
0001110101110101
0001101100111000
0000110110100000
0000000110011111
0000010010011010
0001001011100010
0001110010000110
0001101000010010
0001000001011010
0000011001100000
0000001111001110
0000110001111111
0001100101011100
0001111000010010
0001010100101111
0000011001011100
0000000101010001
0000101101010000
0001100001100110
0001110010010001
0001011010101110
0000101101000101
0000001011011101
0000011010010011
0001001111100111
0001110110100010
0001101001111001
0000110100110100
0000001001101110
0000010101110100
0001001000111100
0001101101100101
0001101001011110
0001000101000100
0000011000110100
0000001100011011
0000110010110111
0001101000111111
0001111000100000
0001010001001010
0000010111100101
0000000110100011
0000101110110100
0001100001011011
0001110001001100
0001011010110011
0000101101101101
0000001010101000
0000011001001001
0001010000100000
0001111000010000
0001101001110010
0000110011101101
0000001010000000
0000010110001110
0001001000001111
0001101100110000
0001101001101111
0001000110100111
0000011001100000
0000001011001101
0000110010001101
0001101000111111
0001110110111000
0001010000001011
0000011010111110
0000001010111110
0000101101110111
0001011100111110
0001101111000110
0001011100000000
0000101111110110
0000001011110110
0000011001001100
0001001111100100
0001110110000010
0001100111110111
0000110100100110
0000001100110011
0000010111110101
0001000110000011
0001101001100000
0001101010101001
0001001001101010
0000011001110001
0000001001111100
0000110010000100
0001101000010110
0001110101001011
0001001111100101
0000011100011011
0000001100100100
0000101101100110
0001011011101110
0001101111001000
0001011100111100
0000101111111111
0000001011011001
0000011001000101
0001010000010001
0001110110101001
0001100111010101
0000110011011101
0000001100100001
0000011000011100
0001000111001011
0001101010010110
0001101001111010
0001000111111001
0000011000111011
0000001010011101
0000110011011010
0001101001110001
0001110100110100
0001001110010110
0000011100000001
0000001101110000
0000101110011110
0001011001001010
0001101100001001
0001011110001110
0000110010000111
0000001011000001
0000011001001001
0001010001010010
0001110110011101
0001100101100111
0000110010111100
0000001110011101
0000011010000110
0001000110000101
0001101000100011
0001101010000101
0001001000101110
0000011000111101
0000001010110101
0000110011110100
0001101001001010
0001110100010111
0001001110001111
0000011100010010
0000001101101111
0000101110001101
0001011010110010
0001101110011011
0001011101000111
0000101111000011
0000001010000011
0000011010010111
0001010010110001
0001110110100010
0001100101000101
0000110011001110
0000001110000111
0000010111101101
0001000100110000
0001101010100110
0001101100100000
0001001000111010
0000010111100010
0000001001101011
0000110100011001
0001101010110000
0001110100110001
0001001101010010
0000011011111101
0000001101110111
0000101101100111
0001011010100001
0001101111011100
0001011110000000
0000101110101011
0000001001010001
0000011010001000
0001010011000100
0001110110100000
0001100100001100
0000110010010100
0000001111000001
0000011001010001
0001000100110100
0001101010110001
0001101100111111
0001000111001000
0000010101000011
0000001010100001
0000110111010001
0001101011001010
0001110010111111
0001001101110001
0000011101100110
0000001100010001
0000101011000110
0001011100001100
0001110010111110
0001011101101010
0000101011001111
0000000111110111
0000011100011100
0001010101101001
0001110110001110
0001100010100111
0000110010100010
0000010000000010
0000011000111100
0001000100011110
0001101100001100
0001101110100101
0001000101001010
0000010001001001
0000001010010000
0000111010011110
0001101100110000
0001110010001001
0001001100101001
0000011100100110
0000001011010011
0000101011000011
0001011101100001
0001110100010101
0001011101100101
0000101001100101
0000000111010001
0000011110001110
0001010110010110
0001110011111100
0001100001110101
0000110100100100
0000001110111001
0000010101111010
0001000110000100
0001101111001001
0001101101001101
0001000100000100
0000010010110101
0000001010101000
0000111001011111
0001101100010100
0001110001100111
0001001100100000
0000011110000011
0000001100110100
0000101010110111
0001011100011101
0001110100010011
0001011101011101
0000101000011110
0000000111101000
0000100000010000
0001010110011110
0001110010000110
0001100000101100
0000110101010110
0000010000111010
0000010110000000
0001000100010010
0001101111000111
0001101110110010
0001000011001000
0000010000111111
0000001100000000
0000111011101100
0001101011010111
0001101111100010
0001001100101000
0000011110111011
0000001100010101
0000101010001010
0001011101011010
0001110101011001
0001011100100011
0000100111010111
0000001000001100
0000100000011000
0001010101100000
0001110011000001
0001100011001000
0000110101010110
0000001111000010
0000010101110000
0001000101010111
0001101111010011
0001101101101001
0001000010001111
0000010010100111
0000001110011100
0000111010100010
0001101000000100
0001101111010101
0001001111011001
0000011111111111
0000001010100110
0000101001000100
0001011110001100
0001110101110101
0001011100010111
0000100111011010
0000001000010101
0000100000111101
0001010101100110
0001110001001110
0001100001101000
0000110110110010
0000010000111110
0000010101001100
0001000100000010
0001101111011011
0001101101110010
0001000001101010
0000010010111000
0000001111000001
0000111010101001
0001101000011100
0001101111011011
0001001110011011
0000011111011110
0000001010111101
0000101000101011
0001011110010101
0001110111001111
0001011100100001
0000100110001000
0000000111100111
0000100000101010
0001010101110011
0001110010010110
0001100010101100
0000110110001110
0000001110101101
0000010100101111
0001000101111011
0001101111011111
0001101100010000
0001000001111100
0000010011110011
0000001111000010
0000111010110001
0001101000111111
0001101111100000
0001001101111111
0000011111001101
0000001011101010
0000101010001010
0001011110000001
0001110100100001
0001011010101010
0000100111001000
0000001010001100
0000100010100000
0001010100100100
0001101111010111
0001100010101001
0000111001111110
0000010010001100
0000010111000111
0001001010110100
0001101100100101
0001010000010010
0000100110100001
0000101101110001
0001001111100101
0001001111110001
0000110010111111
0000101101111100
0001000111101101
0001010010101010
0001000000001001
0000110011111111
0000111101100010
0001000100010111
0000111110101011
0000111110011111
0001000111011000
0001000111000110
0000111001111100
0000110011010110
0000111101010010
0001001001010111
0001001000011000
0000111111110110
0000111100011101
0000111101011111
0000111101000001
0000111101001000
0001000001011001
0001000101111100
0001000011110101
0000111100111000
0000111010110011
0000111111100101
0001000001011111
0000111110000000
0000111111001111
0001000110011100
0001000110001110
0000111011000111
0000110100101101
0000111100100000
0001000111111101
0001001001001101
0001000001100001
0000111011010110
0000111010001111
0000111011010011
0001000000000001
0001000111110001
0001001000001001
0000111101001101
0000110100110101
0000111010101000
0001000101101011
0001000111011000
0001000001001001
0000111101110001
0000111110010111
0000111101001101
0000111011111111
0001000001011100
0001000111110000
0001000011001100
0000111001100111
0000111001111101
0001000010001000
0001000100100110
0000111111111111
0000111101111101
0001000000101011
0001000000010010
0000111100010111
0000111110100100
0001000101111111
0001000101001011
0000111011100011
0000111000001111
0000111111011100
0001000101000111
0001000010001001
0000111110101010
0001000000110100
0001000001010010
0000111011110000
0000111010100010
0001000010111011
0001001000000101
0001000001011011
0000111001001001
0000111011001100
0001000010110101
0001000100001111
0001000000010011
0000111111011010
0001000000000000
0000111100100011
0000111011010000
0001000010010100
0001001000010100
0001000010100110
0000111001010110
0000111001111100
0001000001110010
0001000100100101
0001000000001000
0000111111001100
0001000010111000
0001000000101100
0000111010001110
0000111011111001
0001000100011100
0001000101101101
0000111101101110
0000111010101110
0001000001001110
0001000100010001
0000111111101101
0000111101011100
0001000000100101
0001000001011001
0000111101011011
0000111100110100
0001000010110111
0001000101101100
0000111111010111
0000111010001011
0000111101110001
0001000010101010
0001000001000101
0000111110101111
0001000001100001
0001000010101100
0000111101010001
0000111010001101
0001000000010110
0001000110011001
0001000011000100
0000111100101011
0000111100100100
0001000000001111
0001000000001101
0000111110000110
0001000001000111
0001000100111011
0000111111111010
0000111000110111
0000111100100001
0001000101111100
0001000110100111
0000111110000011
0000111010001100
0000111110101011
0001000001001110
0000111111100100
0001000001001011
0001000100101101
0001000001100011
0000111010000010
0000111001011101
0001000001000000
0001000110010111
0001000011100000
0000111101110110
0000111100101101
0000111111000111
0000111111100110
0000111111100100
0001000010101110
0001000011100011
0000111110000011
0000111001100010
0000111101010000
0001000100111010
0001000101110110
0000111111000111
0000111011011011
0000111110011010
0001000000010000
0000111111100101
0001000001010101
0001000100010001
0001000001100011
0000111010011011
0000111001011001
0001000001001001
0001000110111110
0001000011001111
0000111101010110
0000111101100000
0000111111010010
0000111101101001
0000111110010000
0001000011011101
0001000101010111
0000111111100111
0000111001110110
0000111100011110
0001000010110110
0001000011101111
0001000001000110
0000111111010111
0000111101010101
0000111011111011
0000111110001110
0001000100001011
0001000110111100
0001000000100011
0000111000100100
0000111001101110
0001000000110001
0001000100111000
0001000011110000
0001000001001001
0000111110111101
0000111011110001
0000111010100101
0000111111101100
0001000110010110
0001000101101000
0000111110000100
0000111001000110
0000111100011000
0001000010100011
0001000011101000
0001000001011000
0001000000101110
0000111110100001
0000111010000110
0000111100100110
0001000101110101
0001000111111111
0000111111011111
0000111000111101
0000111011111111
0001000000111111
0001000001010000
0001000000110101
0001000011000111
0001000010110010
0000111100000100
0000110111101000
0000111110100110
0001001000010010
0001000110010111
0000111100011101
0000111000111010
0000111110011011
0001000010100010
0001000001011100
0001000001001110
0001000001110111
0000111110101110
0000111010100011
0000111100011111
0001000100001011
0001000111001001
0001000000010011
0000111001101011
0000111011110110
0001000000110001
0001000001011100
0001000001011010
0001000011101001
0001000010000110
0000111010011110
0000110111110010
0001000000111110
0001001001001001
0001000011100010
0000111010011010
0000111011010111
0001000000110011
0001000000110000
0000111111001111
0001000010110000
0001000100100001
0000111101100000
0000110111010101
0000111100110101
0001000110100101
0001000110011111
0000111101111011
0000111010001000
0000111110011001
0001000001010001
0000111111011001
0001000000011011
0001000100111010
0001000010011110
0000111001111101
0000111001100001
0001000010011011
0001000110010101
0001000000001010
0000111011100000
0000111111001100
0001000001111010
0000111110100000
0000111101111100
0001000011010010
0001000011110000
0000111100000010
0000111000101110
0001000000010110
0001000111010010
0001000011000011
0000111011101010
0000111100100000
0001000001000000
0000111111101010
0000111101001010
0001000001000101
0001000101011111
0001000001011010
0000111001101101
0000111010111101
0001000011011000
0001000101000100
0000111110100010
0000111011110100
0001000000101111
0001000010111111
0000111101110100
0000111100110001
0001000011111000
0001000100001100
0000111010101110
0000111000111010
0001000010101100
0001000111001010
0000111111101111
0000111010100110
0000111111001001
0001000010100001
0000111110100110
0000111101000000
0001000010001110
0001000100010110
0000111110100011
0000111010111011
0000111111100110
0001000011110011
0001000000001011
0000111011100111
0000111110101010
0001000100000111
0001000001110111
0000111011100101
0000111100110110
0001000011000111
0001000010101110
0000111100101001
0000111100110001
0001000011011011
0001000011101010
0000111100110001
0000111011100001
0001000000111110
0001000010110001
0000111110110110
0000111101000001
0001000000100111
0001000011010101
0001000000011001
0000111100101110
0000111110010111
0001000001111110
0001000000100001
0000111100101001
0000111110100010
0001000011110011
0001000010110000
0000111100101100
0000111011110111
0001000000111000
0001000010010111
0000111110100000
0000111101110000
0001000010001101
0001000011010001
0000111101111000
0000111011000010
0000111111101110
0001000011111110
0001000001000100
0000111101000000
0000111110101010
0001000001101010
0001000000001011
0000111101110101
0000111111110001
0001000010011010
0000111111101100
