0000111111000111
0001000001001110
0001000000100111
0000111110011111
0000111111011000
0001000010001001
0001000001100010
0000111111011010
0000111111100110
0001000000100100
0000111111011111
0000111110011001
0000111111111000
0001000010000111
0001000001100111
0000111111100110
0000111111011101
0001000000100000
0001000000001011
0000111111001000
0000111111101111
0001000000110000
0001000001101001
0001000000111111
0000111110011000
0000111110111001
0001000001101001
0001000000010100
0000111110100101
0001000000100110
0001000001011101
0001000000001001
0000111111111101
0001000000110101
0001000000100001
0000111110110111
0000111110010111
0001000000001000
0001000010000110
0001000001011101
0000111111010000
0000111111010101
0001000000110101
0001000000000010
0000111111000111
0001000000011010
0001000001010010
0001000000010011
0000111111001110
0001000000010011
0001000001111000
0001000000000000
0000111101100111
0000111111010010
0001000001110110
0001000001110001
0001000000000010
0000111111101111
0001000001000011
0001000000010010
0000111101011010
0000111110001001
0001000010101001
0001000011010110
0000111110100001
0000111101010101
0001000001111011
0001000010110010
0000111110001111
0000111101000010
0001000000111110
0001000010111011
0001000000100100
0000111110010001
0000111111110011
0001000010001011
0001000000011100
0000111101011001
0000111111100100
0001000011000011
0001000001001010
0000111101110011
0000111111011010
0001000010011110
0001000000110111
0000111101110010
0000111111000101
0001000010001000
0001000001110010
0000111111101101
0000111111100011
0001000000100111
0001000000100011
0000111111000100
0000111110010111
0001000000100101
0001000010011011
0001000000010110
0000111110101100
0001000000011110
0001000000110111
0000111110111110
0000111111000111
0001000001001001
0001000001011110
0000111111101101
0000111111000100
0001000001001101
0001000001110000
0000111110100101
0000111101010010
0001000000110011
0001000011010110
0001000000101111
0000111101100101
0000111111011000
0001000010111001
0001000000111100
0000111100101111
0000111110110111
0001000011010101
0001000010000101
0000111110011101
0000111110010010
0001000001001000
0001000010001110
0000111110111001
0000111011110000
0000111010101011
0000111010110010
0001000101110001
0001011011100111
0001011001011000
0000101011001100
0000000111010100
0000101000011011
0001101001100010
0001111010011011
0001001110111001
0000011010001000
0000001100010111
0000101101000001
0001011010110100
0001101111101010
0001011111110000
0000110010111010
0000001001110111
0000010011001010
0001001100110111
0001111010111111
0001101111010111
0000110110100011
0000000110101101
0000001111010010
0001000101011100
0001110010101010
0001110010100101
0001001001010100
0000010100011001
0000000011010011
0000101110000000
0001101100000110
0010000000000000
0001010111111001
0000011001000111
0000000001011011
0000101000010001
0001011111110101
0001110011111001
0001011110110010
0000110001101111
0000001010111011
0000010100001101
0001001100001100
0001111001100101
0001101111101110
0000111000000010
0000000110111110
0000001110111110
0001000101110010
0001110001101110
0001110000010010
0001001000010011
0000010110011010
0000000110000110
0000101111000011
0001101011000000
0001111100001111
0001010101011010
0000011100001000
0000000101010000
0000100110100101
0001011100110000
0001110110010100
0001100010010111
0000101110010101
0000000101100001
0000010100011111
0001010000010010
0001111011110001
0001101101011011
0000110101100111
0000000111111001
0000001111101010
0001000100111101
0001110010001100
0001110010010001
0001001001001010
0000010011101110
0000000011110000
0000110000001001
0001101011110100
0001111100011010
0001010110101110
0000011100000111
0000000010011010
0000100100110100
0001011111000101
0001111000101110
0001100001000111
0000101100011000
0000000101101101
0000010110110000
0001010001111001
0001111001111100
0001101011111001
0000110111000001
0000001000101001
0000001110011001
0001000100001101
0001110011010101
0001110011101001
0001001000111111
0000010011001000
0000000011110000
0000110000000000
0001101011100100
0001111011101011
0001010110001101
0000011101010000
0000000100000001
0000100100101000
0001011101110101
0001111000101011
0001100000101011
0000101010010111
0000000101100111
0000011010010110
0001010100110001
0001111000100111
0001100111111000
0000110100110011
0000001010000010
0000010000100010
0001000101110001
0001110100101110
0001110010001000
0001000011110001
0000010000110010
0000000111110010
0000110101001011
0001101100010110
0001111000101000
0001010010101000
0000011011001111
0000000101010110
0000101000110111
0001100000001110
0001110111000001
0001011111000001
0000101001111010
0000000100101100
0000011010011000
0001010110100001
0001111001100010
0001100111000111
0000110100100000
0000001001110100
0000001111011001
0001000101110110
0001110110010010
0001110011010001
0001000011010111
0000001110011010
0000000110000010
0000110110110111
0001101110100111
0001111000010100
0001010001111010
0000011011111000
0000000100001111
0000100110001111
0001100010000011
0001111011000110
0001011110011110
0000100111101001
0000000100111001
0000011010001111
0001010100111111
0001111010000110
0001101001111010
0000110100111100
0000000111100000
0000001101101011
0001000101000100
0001110111000000
0001110101001110
0001000011100010
0000001101011111
0000000110101110
0000110111011101
0001101100011100
0001110111001110
0001010101001111
0000011110010000
0000000001111101
0000100011100101
0001100010000010
0001111100010010
0001011111000001
0000100111001010
0000000100010110
0000011010000010
0001010100111101
0001111001110011
0001101001110110
0000110101111001
0000000111100001
0000001100110010
0001000101010001
0001110111010010
0001110100110011
0001000011110111
0000001110010010
0000000110000100
0000110101100000
0001101100110110
0001111000101011
0001010011011000
0000011101011010
0000000100110101
0000100100011011
0001011111101000
0001111011101000
0001100000001000
0000100111100111
0000000100110101
0000011010100001
0001010011010101
0001110111101111
0001101001111100
0000110110101010
0000001000110111
0000001110100110
0001000101000010
0001110101110001
0001110100011111
0001000100010100
0000001110100011
0000000110011101
0000110101101010
0001101100001111
0001111000101010
0001010100000101
0000011100100010
0000000011100010
0000100101011101
0001100000010100
0001111010001101
0001100000000000
0000101001011011
0000000101011000
0000011001111100
0001010100010101
0001111000011110
0001101000011011
0000110101111010
0000001001011110
0000001101101100
0001000100101011
0001110111001100
0001110100101011
0001000011011000
0000001110100001
0000000110101001
0000110110000001
0001101101011110
0001111000101100
0001010010110101
0000011100111001
0000000100100001
0000100011110011
0001011110110110
0001111011100010
0001100000011110
0000101000001101
0000000101101111
0000011011011010
0001010011101100
0001110110110110
0001101000010101
0000110110011110
0000001010000010
0000001111011101
0001000101100011
0001110101110010
0001110011100100
0001000010100001
0000001101011010
0000000111111101
0000111000011010
0001101100001011
0001110101110110
0001010010111110
0000011110010110
0000000101011010
0000100101011100
0001011110011000
0001111000010001
0001100000100011
0000101010111101
0000000101001011
0000011001010101
0001010100010110
0001110111111100
0001100111100111
0000110101100101
0000001010010010
0000001111010100
0001000101000010
0001110110010000
0001110011101101
0001000010010011
0000001101110111
0000000111011110
0000110111001100
0001101100111010
0001110111101100
0001010010111111
0000011100010011
0000000100010000
0000100110010001
0001100000000101
0001111001110110
0001011111111110
0000101000010100
0000000101000110
0000011011011101
0001010100001010
0001110110101101
0001100111111011
0000110110001101
0000001001100111
0000001110111110
0001000101110000
0001110110111000
0001110011111001
0001000001111101
0000001100111101
0000000111111001
0000111000111010
0001101100111000
0001110110000011
0001010010101011
0000011101001011
0000000011001111
0000100101000100
0001100010000111
0001111010110100
0001011101110010
0000101000111010
0000000111000111
0000011010100001
0001010010111101
0001110110101110
0001101000010011
0000110110111000
0000001010000000
0000001111011001
0001000110100011
0001110110011111
0001110001111000
0001000000010010
0000001110011101
0000001010010010
0000111000000100
0001101100000110
0001110111111110
0001010011010000
0000011011010001
0000000010100100
0000100101110101
0001100010100001
0001111011100010
0001011101101110
0000100110111010
0000000110111111
0000011100000000
0001010010000000
0001110110101110
0001101011000001
0000110110101110
0000000110101010
0000001110010001
0001001000010010
0001110111001001
0001110000111001
0001000001000110
0000001111100000
0000001000100101
0000110110110001
0001101100101111
0001111000100010
0001010011100010
0000011011001100
0000000001010011
0000100101011110
0001100100000100
0001111011011100
0001011100010110
0000100111111011
0000000111111110
0000011010100111
0001010001011110
0001110111011001
0001101010101111
0000110110101111
0000001000000000
0000001111000111
0001000111100000
0001110101111000
0001101111011110
0001000001000011
0000010010000011
0000001010000000
0000110101000101
0001101011011011
0001111000101111
0001010011010010
0000011010001000
0000000001110101
0000100111111001
0001100100101111
0001111001111011
0001011011000101
0000100111011001
0000001000100111
0000011011111000
0001010001000010
0001110110011100
0001101011101101
0000110111011000
0000000110001010
0000001110101111
0001001001100001
0001110100111011
0001101101000101
0001000001111011
0000010011011000
0000001001110100
0000110101001111
0001101011111100
0001111001101000
0001010011011010
0000011000001110
0000000000111111
0000101001111001
0001100101011111
0001110111111100
0001011011000010
0000101001110111
0000000111011100
0000010111010110
0001010001100111
0001111011000010
0001101011110001
0000110101001011
0000000110111001
0000001110000110
0001000111100000
0001110110101010
0001101111100010
0001000001000111
0000010010101010
0000001010101001
0000110101000101
0001101011001001
0001111001000010
0001010010101001
0000011001001001
0000000011000100
0000101001000001
0001100011010010
0001111001010011
0001011101001010
0000101000001110
0000000101101110
0000011001010011
0001010010100111
0001111001010110
0001101011101100
0000110101110010
0000000110011110
0000001110111011
0001000111100000
0001110100001100
0001101111011101
0001000011110010
0000010011010011
0000001001000010
0000110100101001
0001101011111011
0001111000101110
0001010010000011
0000011001100000
0000000011011001
0000101001001010
0001100011001101
0001110111111100
0001011100001000
0000101001011110
0000000111011001
0000011000011001
0001010001100111
0001111010011100
0001101100010000
0000110101110000
0000001000010000
0000010011101101
0001001110110100
0001110010001010
0001010100100011
0000100111101101
0000100111111101
0001000100000000
0001001010001011
0000111111000000
0001000000011100
0001000111010000
0001000000100000
0000110101101001
0000111001111101
0001001000010011
0001001010011000
0000111101101000
0000110110111000
0000111101101011
0001000100011001
0001000011011000
0001000000010110
0000111111010011
0000111110010011
0000111101110010
0000111111111110
0001000010101000
0001000001011111
0000111110000100
0000111101001011
0000111110101001
0001000000111011
0001000011111000
0001000010010110
0000111100011010
0000111011110001
0001000000010011
0001000001100111
0001000000011011
0001000001001100
0001000010010011
0001000000000100
0000111011100101
0000111011001111
0001000001100000
0001000111101101
0001000101000001
0000111011100111
0000111000011100
0000111111000011
0001000011010010
0001000001010111
0001000000111010
0001000001110001
0000111111010101
0000111100001000
0000111101001001
0001000010001010
0001000100110011
0001000000101100
0000111011101111
0000111100110001
0001000001000000
0001000010000111
0001000001000010
0001000001000011
0000111111111100
0000111100101101
0000111100110001
0001000001110101
0001000101001010
0001000001000111
0000111011011110
0000111101010111
0001000001110010
0001000000110001
0000111110110101
0001000000110111
0001000010001001
0000111111011110
0000111100100111
0000111110101110
0001000011110010
0001000011000101
0000111100110110
0000111100001110
0001000001011100
0001000001111111
0000111110110001
0000111111100000
0001000001100101
0000111111111101
0000111101001000
0000111101101110
0001000001100111
0001000100000101
0001000000101000
0000111011100011
0000111101010000
0001000010101111
0001000010100001
0000111110011000
0000111111011010
0001000010011100
0000111111100000
0000111011011011
0000111110110111
0001000100100001
0001000010111011
0000111101010110
0000111100110111
0001000001000100
0001000001111001
0000111110110111
0000111110110110
0001000010010111
0001000010011000
0000111101110010
0000111100000010
0000111111100001
0001000010011000
0001000001001010
0000111111101000
0000111111111111
0000111111010110
0000111101011111
0000111110000111
0001000001011010
0001000011010110
0001000001101110
0000111101111000
0000111100111010
0001000000001011
0001000001010101
0000111111000011
0000111111001111
0001000001010011
0001000000011000
0000111110011010
0000111111010100
0001000001110111
0001000001100110
0000111110011101
0000111101000011
0000111111001001
0001000001101011
0001000001001111
0001000000001000
0001000000111011
0000111111111111
0000111100111001
0000111101111101
0001000010010111
0001000010000110
0000111110000101
0000111110011101
0001000010000101
0001000000111011
0000111101100100
0000111111000000
0001000001111111
0001000000001100
0000111100110010
0000111110010111
0001000010101101
0001000011001011
0000111110111010
0000111100001001
0000111110111100
0001000010010100
0001000001001010
0000111111001101
0001000000001011
0001000000010101
0000111101111101
0000111101111010
0001000001011011
0001000010111110
0001000000110001
0000111101111100
0000111101001010
0000111110101100
0001000001000010
0001000001110010
0001000000100001
0000111111011101
0000111111010110
0000111111000100
0000111111101111
0001000001100000
0001000000101110
0000111101101110
0000111101101001
0001000000101100
0001000001010101
0001000000001110
0001000000100011
0000111111111101
0000111110011111
0000111110110110
0000111111011111
0001000000001011
0001000001111010
0001000001011101
0000111110000110
0000111101001001
0000111111101010
0001000000110011
0001000000001000
0001000000110000
0001000000111111
0000111110011110
0000111100111111
0001000000000110
0001000011001000
0001000000111001
0000111101000011
0000111101001111
0001000000001000
0001000001110111
0001000000111010
0001000000000011
0001000001010100
0001000000010000
0000111011101000
0000111011101101
0001000010011001
0001000101011111
0001000000110011
0000111100001001
0000111101001110
0001000000101110
0001000001010011
0000111111001010
0000111111010111
0001000010000110
0001000000111001
0000111100011011
0000111101011000
0001000010011001
0001000010010001
0000111101110001
0000111101001100
0001000000101010
0001000001100111
0000111111111100
0001000000000011
0001000000111011
0000111111001001
0000111101000100
0000111110000010
0001000000111100
0001000010111010
0001000001011010
0000111110010000
0000111101101110
0000111111100111
0000111111111100
0000111111101001
0001000001001010
0001000001100010
0000111110101011
0000111101010001
0000111111101101
0001000010010101
0001000001110000
0000111110011100
0000111101000101
0000111111011011
0001000001000110
0001000000000110
0001000000001110
0001000001100011
0000111111111100
0000111011111010
0000111100000111
0001000001110111
0001000100101110
0001000000111100
0000111101110110
0000111110110100
0000111111000011
0000111110010110
0001000000000110
0001000010001011
0001000001001010
0000111110011100
0000111101010100
0000111111100001
0001000010011110
0001000001011101
0000111110000111
0000111101110001
0000111111110111
0001000000110100
0001000001000011
0001000001011010
0000111111101111
0000111100101100
0000111101001100
0001000000110100
0001000010100111
0001000000111010
0000111110100011
0000111110110110
0000111111101101
0000111110110110
0000111110111111
0001000001001001
0001000001101010
0000111111100001
0000111101101010
0000111110111010
0001000001001110
0001000001000101
0000111111000011
0000111110011101
0000111111110001
0000111111101111
0000111110110000
0001000000000001
0001000010000111
0001000001010000
0000111110000000
0000111100011001
0000111110101100
0001000001110000
0001000001110100
0001000000100001
0001000000001000
0000111110110001
0000111101000000
0000111110010100
0001000001000011
0001000001111100
0001000001100001
0001000000010011
0000111101110010
0000111100110011
0000111111100011
0001000010000010
0001000000110111
0000111110111000
0000111110110000
0000111111100001
0001000000000111
0001000000011010
0001000000010110
0000111111001001
0000111110011000
0000111111110100
0001000000011011
0000111111110110
0001000000101110
0001000001000000
0000111110101010
0000111101001011
0000111110111101
0001000001101110
0001000010001011
0000111111011110
0000111101010000
0000111110101011
0001000000111110
0000111111101100
0000111110001000
0001000000011110
0001000010001101
0000111111010110
0000111101000101
0000111111011010
0001000001110101
0001000000001110
0000111110011010
0000111111011011
0001000000001101
0000111111001100
0000111110111100
0001000000101000
0001000001100010
0000111111000111
0000111100101001
0000111110010011
0001000001101011
0001000001111000
0000111111010000
0000111111000100
0001000001000001
0000111111011110
0000111100110100
0000111110110001
0001000010001100
0001000001100001
0000111110001111
0000111110001100
0001000000111001
