0001000011000111
0000111111010101
0000111101100110
0001000001011100
0001000011001010
0000111111100100
0000111101100011
0001000000010011
0001000010100111
0001000000010010
0000111101111001
0001000000001110
0001000010110100
0001000000110000
0000111101110111
0000111111000100
0001000010001011
0001000001011010
0000111110101111
0000111111111101
0001000010011100
0001000001001100
0000111110000101
0000111110001110
0001000001101011
0001000001111111
0000111110110101
0000111111101100
0001000011001010
0001000001001010
0000111100010101
0000111101111110
0001000011100110
0001000011000110
0000111110000011
0000111110011010
0001000010100100
0001000010011010
0000111110001010
0000111101001010
0001000001001011
0001000010111011
0000111111101010
0000111110010010
0001000001100000
0001000010110001
0000111110111011
0000111100101111
0001000000101111
0001000011110111
0001000000010010
0000111101001010
0001000000110111
0001000100010100
0001000000100010
0000111011101010
0000111110000010
0001000011011001
0001000010110100
0000111110000110
0000111110101101
0001000011011110
0001000010001010
0000111100100001
0000111100111110
0001000010101100
0001000011101100
0000111110111001
0000111101001101
0001000001010110
0001000011001000
0000111111010010
0000111101100010
0001000001001110
0001000011001011
0000111111010101
0000111101000001
0001000001001001
0001000011101101
0000111111010010
0000111100001101
0001000000100111
0001000100100110
0001000000101111
0000111100011001
0000111111110101
0001000011110110
0001000000110001
0000111100110001
0000111110110011
0001000011010001
0001000010100001
0000111101110101
0000111110001001
0001000010100110
0001000010000100
0000111101011011
0000111101101101
0001000010111101
0001000011110011
0000111110100011
0000111100100010
0001000001010011
0001000100010100
0000111111110011
0000111011111100
0001000000000100
0001000100000011
0001000000011011
0000111100110100
0000111111100111
0001000010111100
0001000000100100
0000111101100111
0001000000100111
0001000011111111
0001000000110110
0000111100011110
0000111110111010
0001000011011001
0001000001101010
0000111101001100
0000111110001010
0001000010100011
0001000011000100
0000111110111110
0000111100111101
0000111111011101
0000111101010011
0000110111001110
0001000100111101
0001100010000111
0001011001000010
0000011111000111
0000000010010010
0000110010111001
0001110011111111
0001111010001000
0001001000001010
0000010011111110
0000001011101000
0000110001111101
0001100000110001
0001110011110000
0001011101010011
0000100110010100
0000000000111100
0000011101010010
0001011110000100
0001111101100110
0001100011110011
0000101100000011
0000000101111011
0000010110001000
0001001101000100
0001110110110010
0001110001001010
0001000000110110
0000001011101001
0000000110011110
0000111011000100
0001110011010000
0001111000101101
0001001100001110
0000011000001010
0000001001011001
0000101011110011
0001011110100010
0001110110000110
0001100000001001
0000101011100101
0000000110100101
0000011010001111
0001010010101010
0001110101110110
0001101000011001
0000111001011010
0000001111000101
0000010001100010
0001000000010110
0001101110111001
0001110011101101
0001001000001111
0000010001010101
0000001000101100
0000111000000101
0001101011100001
0001110100101010
0001010001000111
0000011101110010
0000000111110011
0000100110101101
0001011110001101
0001111011011101
0001100010100001
0000100101100111
0000000001011100
0000011101111110
0001011000010111
0001110110100101
0001100110000011
0000110110100010
0000001011111100
0000010000011101
0001000100010101
0001110101001111
0001110100100000
0001000001111100
0000001100000101
0000001010000101
0000111100001100
0001101100010000
0001110010101000
0001010001011000
0000011111010110
0000000101110111
0000100100101000
0001100001000011
0001111101101000
0001011111000100
0000100010101011
0000000100010101
0000100000100100
0001010101010101
0001110011010111
0001100111110101
0000111001111101
0000001011001000
0000001100000101
0001000011001100
0001111001001111
0001110110111001
0001000000100011
0000001011000000
0000001010010111
0000111011011011
0001101011001110
0001110100110010
0001010011111110
0000011101010010
0000000001100100
0000100100100011
0001100101000000
0010000000000000
0001011101010001
0000100000100110
0000000011000011
0000011111011110
0001010110111100
0001110111000110
0001101001101001
0000110110110111
0000000110100000
0000001100100011
0001000111011101
0001111001110101
0001110011011111
0000111101110100
0000001100000100
0000001101000000
0000111011110111
0001101010110011
0001110100110110
0001010010101110
0000011010110100
0000000001011001
0000100110110000
0001100110011001
0001111111111111
0001011100101011
0000011111000001
0000000010010101
0000100001010000
0001011000111011
0001110110110001
0001100111100100
0000110110000011
0000000111100101
0000001101011001
0001000111100001
0001111001101111
0001110011010001
0000111101001101
0000001010010001
0000001011110100
0000111101110100
0001101101111000
0001110101011010
0001010000011011
0000011000011101
0000000001010111
0000101000001001
0001100111000001
0001111111100011
0001011100010000
0000011111001000
0000000010100110
0000100000111010
0001011000001011
0001110110110101
0001101000001100
0000110101100001
0000000110110010
0000001110001001
0001001000100110
0001111001110010
0001110011000111
0000111110001010
0000001011001100
0000001010110010
0000111100010010
0001101101111011
0001110101100111
0001010000010100
0000011001001101
0000000010001101
0000101000010111
0001100110011010
0001111101101010
0001011011110111
0000100001011000
0000000011000111
0000011111001110
0001010111101011
0001110111011110
0001101000110110
0000110110001011
0000000110100100
0000001101010101
0001000111011001
0001111000010000
0001110010110101
0000111111111111
0000001101100011
0000001011001110
0000111010000011
0001101011100011
0001110110101001
0001010010101110
0000011000111101
0000000001010101
0000101001011110
0001100110000101
0001111011100010
0001011100011100
0000100100010110
0000000100000011
0000011100111011
0001010110010011
0001111000110011
0001101000111101
0000110100101001
0000000111000111
0000001111101001
0001001000000100
0001110110001111
0001110001000101
0001000000111001
0000001110010011
0000001001111001
0000111001101110
0001101101010110
0001110111001000
0001010000000101
0000010110111010
0000000010111110
0000101100010110
0001100110100111
0001111001100010
0001011010011101
0000100100101001
0000000101100000
0000011100110001
0001010101001010
0001111001100000
0001101010010100
0000110011100111
0000000110000001
0000010000111011
0001001000011000
0001110100000110
0001110000100111
0001000011000101
0000001111000110
0000001000011011
0000111001011011
0001101110111010
0001110110111101
0001001110011010
0000010111100111
0000000100111000
0000101011011000
0001100100010010
0001111001110001
0001011100100001
0000100100111011
0000000011001100
0000011011101100
0001010111001100
0001111010111011
0001101001000011
0000110010001100
0000000110000000
0000010001100111
0001001001000110
0001110100101111
0001110000110111
0001000010010110
0000001110000010
0000001000110101
0000111010101110
0001101110110001
0001110101110101
0001001101111101
0000011000000011
0000000110010100
0000101100011010
0001100010110010
0001111000001001
0001011101010010
0000100110001011
0000000010111011
0000011010010000
0001010110110010
0001111100100111
0001101010010101
0000110001001001
0000000100010101
0000010001101000
0001001010010100
0001110100100110
0001101111011011
0001000010110001
0000010000100101
0000001001000010
0000110111001101
0001101101001011
0001111000110000
0001001111111001
0000010110000000
0000000100011001
0000101101110011
0001100100101101
0001110111001101
0001011011111110
0000100110111000
0000000011010110
0000011001101001
0001010111010100
0001111101110101
0001101001100110
0000101111011111
0000000101001100
0000010011011111
0001001010000101
0001110011011010
0001101111010001
0001000011110001
0000010000101000
0000000111010100
0000110110111011
0001101110100101
0001111000001101
0001001110011101
0000010110111011
0000000110010001
0000101101000111
0001100010000111
0001110110101111
0001011110010101
0000101000010110
0000000010010111
0000011000111111
0001010111100000
0001111100110101
0001101000001001
0000101111011011
0000000110110000
0000010101110010
0001001001101111
0001110000011101
0001101110101000
0001000101110010
0000010001101111
0000000110111110
0000110110101110
0001101111001001
0001111000011110
0001001101001010
0000010110000100
0000000111111000
0000101110111100
0001100001001001
0001110100000101
0001011101001100
0000101001011011
0000000011101111
0000011001101000
0001010111110010
0001111011111100
0001100110000100
0000101111011001
0000001001010100
0000010110010010
0001000111110000
0001101111110011
0001101111001101
0001000101100100
0000010000110101
0000000110100101
0000110111110000
0001101111111000
0001110110100111
0001001100010110
0000011000111100
0000001001100100
0000101100110001
0001011111011010
0001110101011111
0001011111000000
0000101001010101
0000000011011110
0000011001101011
0001010110101101
0001111011011101
0001100110110100
0000101111100001
0000001001001111
0000010110101110
0001000111001100
0001101110101011
0001101111011010
0001000110110011
0000010001101111
0000000110101111
0000110110010101
0001101110001101
0001110111111111
0001001101110101
0000010111000010
0000000111110111
0000101101110010
0001100000111011
0001110101010101
0001011101011001
0000101000101000
0000000100011001
0000011010101001
0001010110011011
0001111010001011
0001100111011111
0000110001100100
0000000111111111
0000010011111110
0001001000011100
0001110001111100
0001101110111110
0001000011011010
0000010001010010
0000001001001111
0000110111001110
0001101101000010
0001110110100101
0001001101111111
0000011000110110
0000001000010101
0000101100011100
0001100000011101
0001110110000010
0001011101000111
0000100111001001
0000000100101011
0000011100100101
0001010110011011
0001111000111010
0001100111001101
0000110001101000
0000001000001101
0000010100000011
0001000111111111
0001110010000011
0001110000010001
0001000011110110
0000001111100000
0000001000001110
0000111000110110
0001101110001011
0001110101101011
0001001101011010
0000011001011010
0000001000101010
0000101011011011
0001011111110101
0001110111010111
0001011110000000
0000100101110100
0000000011011011
0000011101100011
0001010111101001
0001110111000100
0001100101001100
0000110100001111
0000001011000000
0000010010000010
0001000101100111
0001110011000001
0001110001010100
0001000010110100
0000001110101010
0000001001010100
0000111010010001
0001101101100111
0001110011110110
0001001101011101
0000011011011010
0000001000011110
0000101001010011
0001100000011100
0001111001000110
0001011101010110
0000100101001011
0000000011111001
0000011101010010
0001010111011101
0001111000010011
0001100110010011
0000110011001011
0000001010111101
0000011000011110
0001001110110101
0001101100000010
0001010000011111
0000101011000100
0000101101110100
0001000110011111
0001001001011001
0000111010000000
0000111001000101
0001000111100011
0001001001010100
0000111010100100
0000110100110101
0001000000100011
0001001001010110
0001000011001100
0000111011110000
0000111110100010
0001000010000010
0000111101101101
0000111011000100
0001000001000111
0001000111001100
0001000100011110
0000111100000001
0000111000001000
0000111100111110
0001000011001110
0001000100000011
0001000001101010
0001000000001011
0000111111000101
0000111100101111
0000111100101000
0001000000101110
0001000011001011
0001000000000101
0000111101011001
0001000000111011
0001000100100000
0000111111111000
0000111001010001
0000111011111110
0001000100010011
0001000110010100
0001000000010100
0000111100000101
0000111101100001
0000111110000001
0000111101110010
0001000010101001
0001000110001001
0001000000011001
0000111001101110
0000111011111011
0001000010010000
0001000011110100
0001000000111100
0000111110110110
0000111111000001
0000111110011101
0000111101100001
0001000000010101
0001000100011101
0001000001111010
0000111011001101
0000111011010000
0001000010011110
0001000100111001
0000111111000110
0000111100101000
0001000001000111
0001000001111100
0000111100110010
0000111100100010
0001000010110011
0001000100010001
0000111101101101
0000111010010101
0001000000010100
0001000101011111
0001000001011111
0000111100001110
0000111110001001
0001000001100101
0000111111010111
0000111100110010
0001000000111001
0001000101010110
0001000000111011
0000111001111001
0000111100100100
0001000100110100
0001000100001100
0000111100010100
0000111011100000
0001000001100110
0001000010100110
0000111110001110
0000111110011000
0001000010111001
0001000001101100
0000111011000111
0000111011001110
0001000011011011
0001000110101100
0000111111101101
0000111010000010
0000111101100011
0001000010010100
0001000001000110
0000111110101001
0001000000111101
0001000011000011
0000111110011000
0000111001111101
0000111111001111
0001000101111111
0001000010101100
0000111011001001
0000111011100010
0001000001100110
0001000010010001
0000111110101000
0000111111100011
0001000011000101
0001000000101111
0000111011000101
0000111100100100
0001000100001000
0001000101000100
0000111101100110
0000111001111110
0000111111000000
0001000011100101
0001000001000011
0000111110000001
0001000000101110
0001000010010111
0000111101101110
0000111010111111
0001000000001110
0001000101010111
0001000010000000
0000111011101011
0000111011111100
0001000001000110
0001000010111100
0001000000000001
0000111110101000
0001000000100110
0001000000100100
0000111101100001
0000111101101010
0001000001111011
0001000011010101
0000111111010001
0000111100010110
0000111110010101
0001000000111111
0001000000110111
0001000000001101
0001000001000111
0001000001001001
0000111110001011
0000111100001110
0000111111101000
0001000011100111
0001000001011010
0000111100110110
0000111101011000
0001000001001010
0001000001101010
0000111111000000
0000111111010100
0001000001110011
0001000000000111
0000111100010110
0000111101101000
0001000010111011
0001000011110101
0000111110000101
0000111011001011
0000111111010110
0001000010001100
0000111111110100
0000111110010110
0001000001010100
0001000010100001
0000111101111010
0000111011011101
0001000000001110
0001000011111010
0001000000110111
0000111101000001
0000111110101001
0001000001011001
0000111111001111
0000111101001011
0001000000101110
0001000011111111
0001000000011100
0000111011000101
0000111100010111
0001000010010000
0001000011100010
0000111111001111
0000111101010001
0000111111111110
0001000001000010
0000111110010111
0000111110000111
0001000001101111
0001000010111000
0000111110101110
0000111011100111
0000111111001111
0001000011100000
0001000000110101
0000111100111101
0000111111000111
0001000010000001
0000111111010111
0000111100000101
0000111111110010
0001000100110000
0001000001001000
0000111010111011
0000111100111111
0001000010101001
0001000010001100
0000111101111110
0000111110010101
0001000001101101
0001000000010000
0000111100100001
0000111110010110
0001000011000010
0001000010101100
0000111101111010
0000111100011001
0001000000010000
0001000001111010
0000111111000110
0000111110010101
0001000001000010
0001000001000111
0000111101101101
0000111101011110
0001000001110000
0001000010101111
0000111110000111
0000111100001011
0001000000001001
0001000010011101
0000111111010110
0000111101101111
0001000000111010
0001000010000100
0000111110010111
0000111011111010
0000111111010110
0001000011110011
0001000001101100
0000111100011011
0000111100111100
0001000001010000
0001000001100001
0000111110111010
0000111111010110
0001000001010011
0000111111001000
0000111100011101
0000111111111010
0001000011101100
0001000000011111
0000111100011001
0000111110001010
0001000001000111
0001000000000000
0000111110011000
0001000000000100
0001000010000001
0001000000011010
0000111101011100
0000111101100010
0001000000110101
0001000010011010
0000111111011000
0000111101011010
0001000000000010
0001000001001010
0000111110001110
0000111110000100
0001000001101001
0001000001110001
0000111101110111
0000111100101000
0000111111111101
0001000010010010
0001000000011000
0000111110000100
0000111111011110
0001000001010000
0000111111011110
0000111101110000
0001000000000011
0001000010010101
0000111111100001
0000111011111110
0000111101111100
0001000010000110
0001000001111101
0000111111000011
0000111110011111
0001000000000011
0000111111101110
0000111101101011
0000111110110010
0001000010011001
0001000001101001
0000111100111001
0000111101000101
0001000010010011
0001000010101001
0000111101100010
0000111100111000
0001000001000101
0001000001001100
0000111101110101
0000111110110100
0001000011011001
0001000010101011
0000111100001000
0000111001010111
0000111111010101
0001000101011101
0001000010011100
0000111011110001
0000111101001000
0001000010111000
0001000000111101
0000111011101010
0000111101111010
0001000011011100
0001000001101100
0000111100100100
0000111101101100
0001000001111110
0001000001100001
0000111101111010
0000111101100110
0001000000111000
0001000001001101
0000111101101011
0000111110000001
0001000010010011
0001000001110000
0000111100110110
0000111100010100
0001000001001111
0001000011001100
0000111110101011
0000111100011000
0001000000101010
0001000010111101
0000111110010101
0000111011010011
0001000000000100
0001000011111101
0000111111101000
0000111011111010
0000111111111010
0001000011100001
0000111111101011
0000111010111111
0000111110100010
0001000100001110
0001000000101100
0000111010101100
0000111101111001
0001000100011000
0001000010011101
0000111011100011
0000111011011010
0001000010000011
0001000011111100
0000111110000100
0000111011101010
0001000000110011
0001000011000000
0000111101111000
0000111011101111
0001000000111010
0001000011011111
