0000111111011111
0001000001110011
0000111111111001
0000111101010101
0000111111001110
0001000010010000
0001000001000001
0000111110011010
0000111111001111
0001000001000101
0001000000001001
0000111110011000
0000111111010011
0001000001011100
0001000000110000
0000111110010100
0000111110111000
0001000001011010
0001000001000100
0000111110100111
0000111110011001
0001000000011101
0001000001010011
0000111111101100
0000111110110001
0001000000011101
0001000001011111
0000111111011001
0000111101011110
0000111111001100
0001000001101111
0001000001000010
0000111110110000
0000111111001100
0001000001010111
0001000000111010
0000111110010000
0000111110000101
0001000000100010
0001000001001011
0000111111100010
0000111111100001
0001000001001110
0001000000011001
0000111101100010
0000111110001111
0001000001111010
0001000001101101
0000111110000000
0000111110010101
0001000010011110
0001000010000001
0000111101001111
0000111100111000
0001000001100010
0001000010110111
0000111110101011
0000111100101001
0001000000100100
0001000011010111
0001000000001001
0000111101000001
0000111111001010
0001000001111001
0001000000001000
0000111101110111
0001000000001101
0001000010110010
0001000000000010
0000111100110001
0000111111000011
0001000010010011
0001000000011100
0000111101011100
0000111111010100
0001000010100101
0001000000111001
0000111101001010
0000111110010011
0001000010011111
0001000001101110
0000111101000110
0000111101100111
0001000010010110
0001000010010000
0000111110001011
0000111101111000
0001000000111001
0001000001011000
0000111110111010
0000111110011001
0001000000111001
0001000001100010
0000111110111001
0000111110000101
0001000000111010
0001000001111001
0000111110111000
0000111101001001
0001000000001000
0001000010100011
0001000000000100
0000111101101100
0000111111111011
0001000001110110
0000111111011000
0000111101011111
0000111111111100
0001000010010011
0001000000001101
0000111101101010
0000111111011111
0001000010000011
0000111111111110
0000111101010001
0000111111100011
0001000010011110
0001000000011100
0000111101011110
0000111110111111
0001000010000010
0001000001000101
0000111101110100
0000111110001011
0001000001011011
0001000001001110
0000111110000110
0000111110000011
0000111110100100
0000111011100101
0001000000101101
0001010010001000
0001010100110101
0000110011110111
0000010011111101
0000100110011101
0001011011100110
0001110100000010
0001010101000111
0000100001110010
0000001110110111
0000101011011011
0001010111010010
0001101100110011
0001011101010000
0000110001111001
0000001110000100
0000011001011111
0001001100101010
0001110100000000
0001101001000000
0000111000000011
0000001111001001
0000010101000110
0001000010101000
0001101100101110
0001101110111111
0001000111101011
0000010101101110
0000001001100000
0000110011100010
0001101010101000
0001111000000111
0001010001011111
0000011011111101
0000001001001111
0000101001101011
0001011100011001
0001110100010001
0001011111101001
0000101110010101
0000001010000000
0000011001000110
0001001110010000
0001110100110110
0001101001101011
0000111001001001
0000001111010110
0000010011101111
0001000000110111
0001101100110110
0001110000101010
0001001000101000
0000010101110100
0000001001110011
0000110011110001
0001101001101101
0001110110100101
0001010001110100
0000011101111100
0000001001011100
0000100111010011
0001011011100110
0001110111101000
0001100010010010
0000101011110100
0000000101110101
0000011000011000
0001010001010110
0001111000011000
0001101010100000
0000110111010011
0000001100011110
0000010001100110
0001000001010000
0001101111110100
0001110011100110
0001001000001101
0000010010101011
0000001000010101
0000110101010100
0001101011110000
0001110111000010
0001010000100101
0000011100100000
0000001001010110
0000101000100011
0001011101000100
0001110111110101
0001100001000010
0000101010101000
0000000101110001
0000011001000001
0001010010000000
0001111000100110
0001101010000100
0000110110110101
0000001100001111
0000010010000101
0001000011000101
0001110000101010
0001110001011110
0001000110001000
0000010011010111
0000001010000011
0000110101101100
0001101011000010
0001110110110011
0001010000101001
0000011011001001
0000000111011110
0000101001001011
0001100000011100
0001111010000011
0001011111101010
0000100111101011
0000000100001010
0000011001110011
0001010100110000
0001111011010011
0001101010000000
0000110011011110
0000001000111000
0000010001101111
0001000101100010
0001110100010111
0001110011011100
0001000011101011
0000001110110000
0000001000000110
0000110111111011
0001101111010110
0001111001011111
0001001111011000
0000010111011001
0000000101100001
0000101010100010
0001100010111111
0001111011011001
0001011110111001
0000100101011001
0000000010100011
0000011010011011
0001010110110000
0001111100101011
0001101010011000
0000110011001011
0000000111010101
0000010000001011
0001000110010000
0001110110101010
0001110100011110
0001000010001100
0000001100101001
0000000111110111
0000111001011111
0001110000101111
0001111000111011
0001001110000100
0000010111100101
0000000110001010
0000101010100100
0001100011010111
0001111011110010
0001011110011111
0000100100011101
0000000010000010
0000011011011011
0001011000011101
0001111100011101
0001100111101110
0000110001010001
0000001000100100
0000010010010110
0001000110111100
0001110110011110
0001110100001000
0001000001010001
0000001011101101
0000001000010101
0000111010101111
0001110000110110
0001111000100100
0001001110001101
0000010111001101
0000000101010011
0000101010000000
0001100011011000
0001111101000001
0001011111111111
0000100100000111
0000000000100111
0000011010101010
0001011000000110
0001111100111111
0001101001110111
0000110010011010
0000000110110011
0000001111110101
0001000110001010
0001110111101101
0001110110000101
0001000010101000
0000001011100110
0000000110101111
0000111001001011
0001110000101011
0001111010000101
0001010000101111
0000011000001011
0000000011011111
0000101000000100
0001100011001111
0001111101101111
0001100000001011
0000100011111010
0000000000110010
0000011010110011
0001010111111010
0001111101010000
0001101010110101
0000110010110100
0000000101111011
0000001111000110
0001000110100101
0001111000001111
0001110101111011
0001000010000110
0000001011101110
0000000111011101
0000111001010001
0001110000011000
0001111001010011
0001001111101010
0000011001000001
0000000100111111
0000100111001101
0001100010010011
0001111111000001
0001100000111111
0000100010100001
0000000000000000
0000011011111001
0001011000010100
0001111011110110
0001101001010001
0000110011010001
0000001000011101
0000010000100000
0001000100111110
0001110110011001
0001110110001101
0001000011001010
0000001011010100
0000000110100111
0000111001100100
0001110000111101
0001111001111000
0001001111100011
0000010111000001
0000000011101111
0000101000111000
0001100011111100
0001111110010100
0001011111101011
0000100010111100
0000000001010100
0000011100001111
0001010111100000
0001111011010001
0001101010010010
0000110100011001
0000000111000010
0000001110100011
0001000110000111
0001111000001110
0001110101000001
0001000000111110
0000001100000000
0000001000110011
0000111001111111
0001101111100101
0001111001000010
0001010000011100
0000010111111000
0000000010110110
0000101000001101
0001100101000110
0001111111000111
0001011110110111
0000100010100100
0000000010001001
0000011100001110
0001010110001001
0001111010101101
0001101011100100
0000110101010001
0000000101110110
0000001101100001
0001000111000001
0001111001011001
0001110100110000
0001000000001001
0000001100001001
0000001001101111
0000111001101100
0001101101111000
0001111000100101
0001010010001001
0000011001010011
0000000010010101
0000100111010111
0001100100111010
0001111110111110
0001011111001010
0000100011010101
0000000001111011
0000011010111000
0001010101101000
0001111100010011
0001101101000000
0000110100001110
0000000100010110
0000001101101100
0001000111111111
0001111001010011
0001110011100011
0001000000000110
0000001101101011
0000001010010101
0000111000111111
0001101110000110
0001111001010110
0001010000110010
0000010110110001
0000000010010011
0000101001101001
0001100110110110
0001111110100100
0001011100111110
0000100010100101
0000000010101001
0000011010110010
0001010101101011
0001111101000000
0001101100111101
0000110011101110
0000000100010101
0000001110010111
0001001000000000
0001110111111010
0001110010100110
0001000000111111
0000001110110110
0000001010010001
0000111000001100
0001101101110010
0001111010000011
0001010001010011
0000010110001001
0000000001101110
0000101010001000
0001100111000001
0001111101111110
0001011100011111
0000100010100010
0000000011000110
0000011011010000
0001010101111011
0001111101000000
0001101100010010
0000110011001000
0000000101010000
0000001111111011
0001000111110001
0001110110010100
0001110010001110
0001000001111100
0000001111001111
0000001001101101
0000110111111010
0001101110001100
0001111001011100
0001001111111010
0000010110111101
0000000100011101
0000101011011000
0001100101000101
0001111010100001
0001011011100001
0000100100111111
0000000101011001
0000011011010011
0001010100110010
0001111100001111
0001101011111110
0000110010110001
0000000101010001
0000010000010111
0001000111110111
0001110110000010
0001110010100010
0001000011000000
0000001111101000
0000001000110011
0000110110101010
0001101101110110
0001111010001010
0001010000011000
0000010110011011
0000000100000101
0000101011010111
0001100100111010
0001111011010101
0001011101010101
0000100101010100
0000000011001000
0000011001100001
0001010101111110
0001111110000001
0001101011110000
0000110001110001
0000000101010110
0000010000111100
0001000111100110
0001110101010001
0001110010100000
0001000011101010
0000001111110010
0000001000000010
0000110110101110
0001101111001100
0001111010001010
0001001111000000
0000010110011000
0000000101010111
0000101011101111
0001100011011111
0001111010000011
0001011110001010
0000100110010110
0000000010100100
0000011000111110
0001010110100101
0001111110010011
0001101010100101
0000110001001101
0000000110101011
0000010001111001
0001000110111010
0001110100101001
0001110010101010
0001000011011101
0000001111000110
0000001000000101
0000110111011010
0001101111001100
0001111001010011
0001001110110001
0000010111110011
0000000110101101
0000101010111101
0001100010001011
0001111010101011
0001011111001110
0000100101010111
0000000001001010
0000011001101110
0001011000001011
0001111110011101
0001101001010101
0000110000011001
0000000111001011
0000010010000001
0001000110010000
0001110101001111
0001110011111101
0001000011001000
0000001110001010
0000001000110010
0000111000100110
0001101110001110
0001110111100010
0001001110111000
0000011000111001
0000000110100011
0000101001110001
0001100010011110
0001111100001001
0001011111001101
0000100100010000
0000000001000010
0000011010100011
0001011000011100
0001111101001101
0001101000110101
0000110010001100
0000001001010100
0000010100100000
0001001010011101
0001110010010000
0001100000011101
0000101111111100
0000011011110010
0000110010100100
0001001111011010
0001010011011001
0001000101010111
0000111010010100
0000110110110000
0000110110000001
0000111011110000
0001001001100101
0001010001000011
0001000101100001
0000110011000100
0000101111110011
0000111101101101
0001001011001100
0001001010101010
0001000000110111
0000111010001111
0000111001101101
0000111011101000
0001000000001110
0001000110010100
0001000110100010
0000111110111010
0000111000001000
0000111010110000
0001000011001000
0001000110001110
0001000001100000
0000111100101100
0000111011111111
0000111100111000
0000111111010111
0001000100110101
0001001000000000
0001000001110110
0000110111001111
0000110101011100
0000111111010111
0001001001010100
0001001000101011
0001000000010001
0000111001110010
0000111000111000
0000111100000001
0001000010001101
0001000111100101
0001000101011110
0000111101001001
0000111000000110
0000111011101111
0001000011101000
0001000110111100
0001000010100000
0000111011110110
0000111001100000
0000111100100101
0001000010010100
0001000110011010
0001000100101011
0000111101101111
0000111000110110
0000111011011100
0001000001101011
0001000100110110
0001000100000101
0001000000111101
0000111100010101
0000111001101100
0000111101000101
0001000011111000
0001000110011000
0001000001101111
0000111011100011
0000111010101011
0000111111000100
0001000011001000
0001000011010000
0001000000111110
0000111110010110
0000111100000111
0000111100101000
0001000001000011
0001000101000111
0001000011101010
0000111101111100
0000111010010000
0000111100000100
0001000000110011
0001000100010000
0001000100011101
0001000001010110
0000111100001011
0000111001010111
0000111101011100
0001000100011110
0001000101101011
0001000000101110
0000111100011011
0000111100010000
0000111110011111
0001000000111010
0001000010111110
0001000010110001
0000111110111100
0000111011101001
0000111101100011
0001000001110001
0001000010110100
0001000000110101
0000111110111010
0000111110001100
0000111110010100
0000111111010001
0001000001001011
0001000010101000
0001000001011010
0000111101110110
0000111100000101
0000111110010110
0001000001111010
0001000010100001
0001000000001110
0000111110100100
0000111110111100
0000111111111000
0000111111111100
0000111111010101
0000111111100100
0001000000011001
0001000000000011
0000111111011010
0000111111111111
0001000000110001
0001000000010011
0000111111001010
0000111110110010
0000111111000011
0000111111100011
0001000000110001
0001000001100100
0001000000001011
0000111110000101
0000111110000100
0000111111111010
0001000001000100
0001000000100000
0000111111110101
0001000000001001
0001000000001011
0000111111001100
0000111110011000
0000111111001110
0001000001000110
0001000001000101
0000111110101100
0000111101101110
0001000000001000
0001000010011001
0001000001001000
0000111110010011
0000111101111001
0000111111101101
0001000000010001
0000111111011001
0000111111111111
0001000001010100
0001000000001011
0000111101110111
0000111110000111
0001000000011000
0001000001100110
0001000000110100
0000111111010101
0000111110101111
0000111111001100
0000111111100001
0001000000000010
0001000000111110
0001000000000111
0000111110001011
0000111111000000
0001000001101010
0001000001101000
0000111110100010
0000111100100111
0000111111000010
0001000010011001
0001000001011001
0000111110110010
0000111111101110
0001000001001010
0000111110111000
0000111100110101
0000111111010110
0001000010110010
0001000001100011
0000111101100110
0000111101010100
0001000000111110
0001000010100000
0000111111111100
0000111110000011
0000111111010000
0000111111101101
0000111110001001
0000111110111110
0001000010101110
0001000011010101
0000111110010110
0000111010111001
0000111110011010
0001000010110101
0001000001111001
0000111111011010
0000111111101011
0001000000001110
0000111110100000
0000111101000110
0000111111010000
0001000010101010
0001000010001100
0000111110010101
0000111101000101
0001000000000111
0001000001111011
0001000000000000
0000111110010111
0000111111011001
0001000000001010
0000111110101010
0000111110011101
0001000001111111
0001000011100011
0000111110111011
0000111010111111
0000111101110110
0001000010001100
0001000001100111
0000111111001011
0001000000000100
0001000001010111
0000111110100100
0000111100000000
0000111110111110
0001000011011110
0001000010100000
0000111101101101
0000111100111011
0001000000101110
0001000001111111
0000111111011101
0000111110010100
0000111111100010
0000111111101000
0000111110101000
0000111111110101
0001000010011001
0001000001110100
0000111101111111
0000111100001011
0000111110111110
0001000001110100
0001000000111111
0001000000000110
0001000000111110
0000111111110010
0000111100101101
0000111100111001
0001000001001000
0001000011011010
0001000000010011
0000111100111110
0000111110101001
0001000001011111
0001000000100011
0000111110101000
0000111111000111
0001000000010011
0000111111111001
0000111110110110
0000111111010000
0001000001010011
0001000001101110
0000111110111000
0000111100111110
0000111111000100
0001000001001111
0001000000100000
0000111111101111
0001000000011110
0001000000000101
0000111101111100
0000111101110001
0001000000010011
0001000001111100
0001000000100110
0000111110001010
0000111110000111
0001000000100110
0001000001001000
0000111110110000
0000111110001101
0001000000011110
0001000001000100
0000111110111000
0000111110100101
0001000001001100
0001000001011111
0000111110011011
0000111101000111
0000111111011111
0001000001110110
0001000000110001
0000111110100011
0000111111001010
0001000000101011
0000111111011101
0000111110001100
0000111111111001
0001000001100011
0000111111110110
0000111101011000
0000111110101000
0001000001111001
0001000001111001
0000111111000100
0000111101111001
0000111110110111
0000111111011111
0000111111011100
0001000000011010
0001000001101111
0001000000101011
0000111101110000
0000111101010101
0001000000011101
0001000001110101
0000111111010110
0000111110001000
0001000000011000
0001000001001000
0000111110010101
0000111101011101
0001000000111101
0001000010101000
0000111110111111
0000111100101110
0000111111110101
0001000010011001
0000111111111010
0000111101000110
0000111110111100
0001000001100001
0000111111110100
0000111101110010
0001000000011011
0001000010110111
0000111111101101
0000111011111011
0000111101111111
0001000010001100
0001000001100101
0000111110001001
0000111110010101
0001000001100011
0001000001010100
0000111101100000
0000111101011111
0001000001100111
0001000001101101
0000111101100110
0000111101010001
0001000001010010
0001000010011100
0000111111000111
0000111101010000
0000111111110100
0001000001100011
0000111110111011
0000111101011110
0001000000110000
0001000010010111
0000111110110110
0000111100110001
0000111111110110
0001000010010011
0000111111100110
0000111101000100
0000111111110000
