0001000000011000
0001000001111000
0000111111100100
0000111101010100
0000111111000101
0001000001110000
0001000001001001
0000111111010010
0000111111011111
0001000000101011
0001000000001010
0000111110011110
0000111110111000
0001000000110100
0001000000101001
0000111111011010
0001000000001001
0001000001101000
0001000000010000
0000111101011110
0000111110011001
0001000001101010
0001000001011101
0000111110110011
0000111110111010
0001000001101001
0001000001110010
0000111110010011
0000111101001000
0001000000010110
0001000010000100
0000111111101111
0000111110100000
0001000001001000
0001000010001100
0000111110100110
0000111100110011
0001000000010011
0001000010011001
0000111111111001
0000111110010001
0001000000011110
0001000010001000
0000111111101001
0000111100111110
0000111111001111
0001000010100111
0001000000110000
0000111101100011
0000111111011101
0001000010100100
0001000000101001
0000111101001100
0000111110011101
0001000001111000
0001000001010111
0000111110011111
0000111111000011
0001000001110011
0001000001000111
0000111101111111
0000111110000001
0001000001000111
0001000001101001
0000111110111110
0000111110110001
0001000001101001
0001000001010110
0000111101111100
0000111101110011
0001000000111001
0001000001101111
0000111111011000
0000111110100111
0001000001000001
0001000010000101
0000111111001001
0000111101000110
0000111111100111
0001000001111000
0000111111111110
0000111110001101
0001000000010101
0001000010011111
0001000000101111
0000111101110001
0000111110100000
0001000001010000
0001000000111011
0000111110011010
0000111110111011
0001000001100110
0001000001000101
0000111110010011
0000111110100011
0001000001001010
0001000001010101
0000111111000101
0000111110100110
0001000000110001
0001000001100100
0000111111001110
0000111101111010
0001000000010001
0001000001011000
0000111110111110
0000111110100000
0001000001011110
0001000010001110
0000111111000101
0000111101011101
0000111111100111
0001000001100100
0001000000011011
0000111110101010
0000111111100000
0001000001101101
0001000001000111
0000111110000111
0000111101110110
0001000000011011
0001000001011110
0001000000000101
0000111111011111
0001000000100011
0001000000010101
0000111110011110
0000111101111111
0000111100110101
0000111001011110
0001000001110010
0001011000010001
0001011010010010
0000110000110111
0000001011100011
0000100010100011
0001011111011110
0001111011010011
0001011001110010
0000100000101010
0000001001000000
0000100110010001
0001010111110101
0001110001111100
0001100001001101
0000110010011110
0000001100101000
0000010111010000
0001001010100010
0001110100000000
0001101100100100
0000111100011110
0000001111011111
0000010000101111
0000111101111101
0001101011000101
0001110000111010
0001001100111101
0000011100011110
0000001011001011
0000101011111010
0001011111011010
0001110101000110
0001011010110010
0000100111110101
0000001011000110
0000100001100001
0001010010110111
0001110000100101
0001100011101001
0000110111011001
0000010000010101
0000010101101010
0001000011100101
0001101101110111
0001101110001000
0001000100010100
0000010101000111
0000001111000110
0000110111101101
0001100110100011
0001110010101000
0001010010001000
0000011110010101
0000001000011110
0000101001001111
0001011111100010
0001110110100011
0001011011100111
0000100111111110
0000001010010100
0000011111111111
0001010010111101
0001110011100100
0001100110001011
0000110101011001
0000001100000010
0000010100110101
0001000111100100
0001110010100010
0001101110100111
0001000000011100
0000010000110000
0000001101010000
0000111001111010
0001101100000100
0001110101110101
0001001111100100
0000011001100001
0000000110010111
0000101010111101
0001100010100000
0001111000100100
0001011100100100
0000100111001011
0000000111101000
0000011101101001
0001010011011111
0001110110101001
0001101000100100
0000110100110000
0000001001100010
0000010011000011
0001000111101111
0001110100010101
0001110000101011
0001000001100000
0000001111110101
0000001010101111
0000110111100001
0001101100001111
0001111000110111
0001010010001011
0000011000110110
0000000011110110
0000101001010011
0001100010100110
0001111010100100
0001011111010001
0000101000010000
0000000101101101
0000011010010101
0001010010000010
0001111000011110
0001101011001100
0000110101101111
0000001000100011
0000010001011011
0001000111001011
0001110100010001
0001110000011110
0001000010110010
0000010001110001
0000001010010101
0000110101111001
0001101011111000
0001111001101010
0001010010011010
0000011000000101
0000000011101000
0000101010000001
0001100010111010
0001111010000000
0001011110101111
0000101000010011
0000000101101010
0000011001110001
0001010010100010
0001111010001011
0001101011110000
0000110100001000
0000000111010100
0000010010101110
0001001000000111
0001110010111011
0001101111110010
0001000011010100
0000010001000011
0000001001010111
0000110111010011
0001101111000000
0001111010100001
0001001111100000
0000010101010100
0000000100101001
0000101100110110
0001100011100111
0001111000111100
0001011110010100
0000100111011111
0000000011100011
0000011001001101
0001010101000111
0001111100101011
0001101010101010
0000110001011011
0000000110101111
0000010011110010
0001001001001100
0001110011110110
0001110000001001
0001000010100010
0000001111011011
0000001000101110
0000111001000010
0001110000101001
0001111001011110
0001001101011111
0000010101001101
0000000101100111
0000101101000100
0001100100001110
0001111001110000
0001011101011101
0000100101101101
0000000011100000
0000011011100111
0001010111000110
0001111011101111
0001101001000000
0000110001000101
0000000110100100
0000010011101101
0001001001110011
0001110100101000
0001110000001100
0001000001101001
0000001110101001
0000001000101000
0000111001010111
0001110001100101
0001111010001100
0001001100110011
0000010100001110
0000000101101111
0000101101001100
0001100011110011
0001111010010111
0001011110011100
0000100100101011
0000000001101011
0000011011110000
0001011000111101
0001111100111000
0001101000000111
0000101111110000
0000000110111001
0000010100011100
0001001001100011
0001110100111101
0001110001011101
0001000001001001
0000001100010011
0000001000001100
0000111011001011
0001110001111010
0001111000110011
0001001101000000
0000010101011001
0000000101001101
0000101100100000
0001100100101000
0001111011000011
0001011110010000
0000100100001011
0000000000111101
0000011011011111
0001011001100111
0001111101100111
0001101000001001
0000101111000100
0000000110010001
0000010100010111
0001001001011101
0001110100111011
0001110010001011
0001000010010011
0000001100011100
0000000110110001
0000111001101100
0001110010011010
0001111010010101
0001001101010001
0000010101001010
0000000101011001
0000101011101110
0001100011011111
0001111011101110
0001100000000011
0000100100110111
0000000000000010
0000011010010001
0001011001010111
0001111101111110
0001101000111010
0000110000010110
0000000110010111
0000010010010101
0001000111111010
0001110101110111
0001110011101111
0001000010110000
0000001100010110
0000000110110000
0000111010000100
0001110010001001
0001111000101000
0001001100100011
0000010110101101
0000000110101100
0000101011010101
0001100010100000
0001111011011100
0001011111110101
0000100011111101
0000000000011001
0000011100011010
0001011001110101
0001111011101010
0001100110111001
0000110001100001
0000001001001001
0000010011000011
0001000110010011
0001110100100000
0001110100000000
0001000010100011
0000001011000010
0000000111100001
0000111100101101
0001110010011011
0001110110001110
0001001011000100
0000011000000100
0000001000101011
0000101010110111
0001100001000111
0001111011100100
0001100000011111
0000100011101011
0000000000000000
0000011101000010
0001011010000111
0001111010100011
0001100110011010
0000110010101001
0000001001100010
0000010001110110
0001000101111001
0001110101110011
0001110100100011
0001000001011101
0000001011000000
0000001001011000
0000111101001111
0001110000000011
0001110100111001
0001001100111100
0000011000110110
0000000110101101
0000101010001100
0001100010101011
0001111100000101
0001011111010011
0000100011000000
0000000000110111
0000011110011001
0001011010101000
0001111001101011
0001100101000100
0000110010000111
0000001010010011
0000010011000001
0001000101111101
0001110100101101
0001110011011000
0001000001010111
0000001011111101
0000001001101101
0000111100101110
0001110000000101
0001110101001111
0001001100111011
0000011000101100
0000000110101011
0000101010101011
0001100011101111
0001111100001011
0001011101000110
0000100001011000
0000000010010111
0000011111100110
0001011001000111
0001111000110110
0001100110110111
0000110011110110
0000001001011001
0000010001010010
0001000110010001
0001110101111000
0001110011000011
0001000000100010
0000001100111000
0000001011010111
0000111011111111
0001101101101010
0001110100101111
0001001110011100
0000011001110001
0000000110000100
0000101010000110
0001100101001010
0001111101000110
0001011011001001
0000011111100110
0000000011101110
0000100001101010
0001011000010011
0001110110111000
0001100111001100
0000110101001101
0000001001010010
0000010000000101
0001000110000001
0001110110111111
0001110011100101
0000111111101100
0000001100001001
0000001011111011
0000111100111101
0001101101000001
0001110011001111
0001001110010110
0000011010011110
0000000110011110
0000101010010110
0001100100111010
0001111100001111
0001011010111100
0000100000101001
0000000100011011
0000100001000111
0001010111101011
0001110111000001
0001100111110101
0000110101100110
0000001000101111
0000001111000111
0001000101101100
0001110111100101
0001110011111100
0000111111010100
0000001101000001
0000001101011000
0000111011110100
0001101010110111
0001110011100100
0001010000010111
0000011011011011
0000000101110000
0000101001011111
0001100100011110
0001111011101001
0001011010001100
0000100001010001
0000000110011011
0000100001100000
0001010101101110
0001110101101011
0001101000110110
0000110110111011
0000001000001101
0000001110000101
0001000110101101
0001111000101100
0001110010110000
0000111110000110
0000001110001110
0000001111000001
0000111010011110
0001101000001001
0001110011010101
0001010010011100
0000011100111101
0000000101010010
0000101000011000
0001100100001110
0001111011111000
0001011010011111
0000100001001111
0000000101111111
0000100001101100
0001010110011101
0001110101110111
0001101000000000
0000110101010100
0000001000000000
0000001111111011
0001000111100101
0001110111110001
0001110010010011
0000111110100001
0000001101110111
0000001110000101
0000111011000000
0001101001110010
0001110011101010
0001010001100001
0000011100011100
0000000101011010
0000101000010010
0001100011111011
0001111011100111
0001011010010101
0000100001111101
0000000110111000
0000100001010000
0001010101110111
0001110110001110
0001101000001011
0000110101001011
0000000111110001
0000001111101111
0001000111110000
0001110111011001
0001110001010001
0000111110101111
0000010000000110
0000010010001001
0001000001000100
0001100111001101
0001011100111011
0000111000111110
0000101010000010
0000110111110001
0001000110001010
0001000100010110
0000111110110011
0001000001100001
0001000100100110
0000111111000011
0000111000101000
0000111011111000
0001000100110011
0001001000000100
0001000010010101
0000111010011001
0000111000111001
0000111110001101
0001000011011010
0001000100010101
0001000010011101
0000111111100101
0000111011111000
0000111010100110
0000111111100100
0001000110001101
0001000101001100
0000111100110100
0000111000010001
0000111110000010
0001000101011010
0001000011111110
0000111110010000
0000111101011011
0000111111000000
0000111101110010
0000111110100101
0001000100111011
0001000111010000
0000111110011011
0000110101110001
0000111010001011
0001000101100111
0001001001001000
0001000010000011
0000111010111001
0000111010110001
0000111101110101
0001000000000001
0001000010111110
0001000101001110
0001000001101000
0000111010110110
0000111010001101
0001000000101000
0001000100101111
0001000001111011
0000111110010010
0000111110100011
0000111110111011
0000111101100110
0000111111011111
0001000100011000
0001000100101010
0000111110001111
0000111001100011
0000111101000011
0001000010101011
0001000010110010
0001000000100100
0001000000101111
0001000000100001
0000111101011001
0000111011110001
0000111111101010
0001000011110111
0001000010001001
0000111110001010
0000111110001100
0001000000110111
0001000000101110
0000111110001101
0000111110100001
0001000000110100
0001000000010101
0000111110100001
0000111111110110
0001000010011100
0001000000111111
0000111100110110
0000111101000001
0001000001011111
0001000010110100
0000111111100111
0000111110001110
0001000000001010
0001000000101000
0000111110100010
0000111110011010
0001000001100101
0001000010010010
0000111101110010
0000111011110110
0001000001011011
0001000101100001
0001000001000010
0000111011000111
0000111100001100
0001000000111111
0001000001101111
0000111111100110
0001000000110101
0001000010111011
0000111111010001
0000111010010101
0000111100111110
0001000011011100
0001000011110001
0000111111001001
0000111101111011
0001000000011010
0001000000011010
0000111110000010
0000111110111000
0001000010001100
0001000001011001
0000111101000011
0000111100110101
0001000010000111
0001000100110011
0001000000010001
0000111011100111
0000111100111010
0001000000000010
0001000000010111
0001000000101101
0001000010111111
0001000010100000
0000111101011010
0000111010011100
0000111110010101
0001000011001011
0001000010100110
0000111111001111
0000111110111110
0001000000101111
0000111111010101
0000111100110100
0000111111011001
0001000011010111
0001000001000000
0000111100011100
0000111101101111
0001000010110101
0001000011101110
0000111110110111
0000111011100011
0000111110001011
0001000001011000
0001000000101100
0000111111110110
0001000001101100
0001000001111111
0000111101101110
0000111010110011
0000111110100000
0001000011101000
0001000011000000
0000111110111111
0000111110001010
0000111111111101
0000111111010111
0000111101100101
0000111111101010
0001000011001000
0001000001010011
0000111100101000
0000111101101100
0001000011000010
0001000011010000
0000111101111010
0000111011111100
0000111111010101
0001000001010100
0001000000001000
0001000000010011
0001000010000110
0001000000111101
0000111100111111
0000111011101101
0000111111101011
0001000011011111
0001000001101001
0000111110000010
0000111110110100
0001000001001011
0000111111111000
0000111101100111
0000111111000011
0001000001110110
0001000000011110
0000111101011010
0000111111010011
0001000011011010
0001000010001000
0000111101000000
0000111011111101
0000111111110011
0001000001110001
0001000000001011
0001000000100000
0001000010001110
0000111111110110
0000111011001000
0000111011101101
0001000001111010
0001000100111011
0001000000111101
0000111101000000
0000111110100010
0001000001000010
0000111111111100
0000111110010101
0000111111101111
0001000001001100
0000111111101011
0000111101111010
0000111111111010
0001000010110010
0001000000100011
0000111100001101
0000111101001111
0001000001011110
0001000001111110
0000111111101110
0000111111110010
0001000001100101
0000111111101101
0000111011010101
0000111100010011
0001000010101100
0001000100111100
0001000000010000
0000111100100000
0000111110010111
0001000000111000
0000111111111010
0000111111100000
0001000001010010
0001000000100010
0000111101011010
0000111101100010
0001000001001110
0001000011000100
0001000000100100
0000111101011111
0000111101011110
0000111111001101
0001000000010101
0001000000111101
0001000010000110
0001000001101001
0000111101101101
0000111010101010
0000111101100111
0001000010111101
0001000011111010
0001000000101100
0000111110001001
0000111110000000
0000111110000100
0000111110011100
0001000001000100
0001000011010100
0001000001000110
0000111101001010
0000111101000111
0001000000100001
0001000010000011
0000111111111101
0000111110001100
0000111110111110
0000111111100110
0000111111011101
0001000000101011
0001000010000111
0001000000101000
0000111101010101
0000111100100001
0000111111010110
0001000010001011
0001000001110101
0000111111101100
0000111110111010
0000111111001101
0000111110100101
0000111110011111
0001000000111110
0001000010101100
0001000000000111
0000111100101001
0000111101110110
0001000001101101
0001000010001010
0000111111001110
0000111110000000
0000111111010110
0000111111100000
0000111110011100
0001000000000100
0001000011000100
0001000001100100
0000111100110000
0000111100001001
0001000000010000
0001000010000100
0001000000011011
0000111111100000
0000111111111100
0000111111011100
0000111101111010
0000111110101100
0001000010001001
0001000010011001
0000111110001011
0000111100011001
0000111111101111
0001000010110010
0001000000110011
0000111101011100
0000111110100111
0001000001010001
0000111111100111
0000111101100001
0001000000011100
0001000011001000
0000111111100100
0000111011011111
0000111110010100
0001000011000111
0001000001110010
0000111101110111
0000111110100100
0001000001010010
0000111111110101
0000111101000111
0000111111001111
0001000011000001
0001000001010000
0000111100100010
0000111101001000
0001000001110011
0001000010100000
0000111110100111
0000111101011001
0001000000100000
0001000001100000
0000111110100110
0000111110000100
0001000001100010
0001000010010101
0000111110000110
0000111011110011
0000111111011010
0001000010100110
0001000000101011
0000111110100110
0000111111111101
0001000000100100
0000111110001110
0000111101100101
0001000000100110
0001000010011100
0001000000000001
0000111101001000
0000111110011011
0001000001111000
0001000001101000
0000111110000101
0000111101100101
0001000000100100
0001000000101101
0000111110000011
0000111110110111
0001000010011111
0001000010001000
0000111101100111
0000111100000100
0000111111101110
0001000010011110
0001000000101110
0000111110011101
0000111111000000
