0000111110111001
0000111110000010
0001000000111100
0001000010011100
0000111111100010
0000111101000110
0001000000000011
0001000010110100
0001000000001100
0000111101111000
0001000000010101
0001000010010011
0000111111011110
0000111100111100
0000111111111101
0001000011100011
0001000001001000
0000111101001111
0000111111001101
0001000011000011
0001000001000010
0000111100110110
0000111110001001
0001000010001011
0001000010000110
0000111110110010
0000111110011111
0001000001101100
0001000001110110
0000111110001101
0000111101101100
0001000001010011
0001000010100101
0000111111010110
0000111101100111
0001000000110001
0001000010100010
0000111111011011
0000111101100111
0001000000010100
0001000010100110
0001000000011000
0000111101100111
0000111111101001
0001000010100001
0001000000011110
0000111101110000
0000111111101101
0001000010100001
0001000001000001
0000111101110100
0000111110100010
0001000001111111
0001000001111010
0000111110011100
0000111101111001
0001000001001100
0001000010011100
0000111111011110
0000111110001110
0001000001001111
0001000001101101
0000111101110110
0000111101101110
0001000010011010
0001000011000100
0000111110011111
0000111101001101
0001000001010111
0001000011000100
0000111110111010
0000111100100001
0001000000101001
0001000011110101
0001000000011111
0000111100111110
0000111111011110
0001000010111011
0001000000010010
0000111100001101
0000111111000001
0001000011111111
0001000010000010
0000111101000101
0000111110001001
0001000010110010
0001000010001100
0000111101101011
0000111101110101
0001000001110010
0001000010001011
0000111110111011
0000111110010000
0001000001011110
0001000010000100
0000111110010100
0000111101110000
0001000001101111
0001000010011010
0000111110100100
0000111101101100
0001000001110010
0001000011000111
0000111110101010
0000111100100100
0001000000101000
0001000011001000
0001000000001000
0000111101101110
0001000000001010
0001000010101011
0001000000000110
0000111100110101
0000111111001000
0001000011000001
0001000001011010
0000111101111001
0000111111100111
0001000010101110
0001000000001001
0000111100100100
0000111111001111
0001000011011010
0001000001111010
0000111101111000
0000111110001110
0001000001101100
0000111111110000
0000110111100000
0000110111101111
0001001100001101
0001100000001110
0001001110010110
0000011110101101
0000001110000101
0000110110111111
0001101010100101
0001110011011001
0001001011011101
0000010111001001
0000001001100010
0000110000110100
0001100100100000
0001110100011100
0001010100001111
0000100000000100
0000001001111101
0000100111111011
0001011001011111
0001110010011000
0001100001110000
0000110000101000
0000000111101001
0000010101101100
0001001111000001
0001110111010011
0001101010011111
0000111000000101
0000001101001001
0000010011001001
0001000001111001
0001101010111011
0001101110000010
0001001010011000
0000011001011001
0000001011011111
0000110010001111
0001100100001001
0001110001011100
0001010010011111
0000100010110100
0000001101011000
0000100110111010
0001010101011001
0001110000000010
0001100011001011
0000110100101010
0000001010010101
0000010100010001
0001001011001011
0001110101000110
0001101100101010
0000111100001100
0000001101101100
0000001111010001
0000111110100010
0001101100010010
0001110011000001
0001001101000011
0000010110010001
0000000101000100
0000101110100011
0001101000000010
0001111010101101
0001011000000101
0000011101111111
0000000011001110
0000100011100011
0001011100001011
0001111000000100
0001100100001010
0000101110101101
0000000100010000
0000010011101111
0001001111011100
0001111010001101
0001101110011011
0000111000100000
0000001000001101
0000001101101101
0001000001101010
0001110000101001
0001110100111100
0001001100000100
0000010011000100
0000000010001101
0000101111110000
0001101011111010
0001111011011010
0001010100011100
0000011011011100
0000000101100110
0000100111000100
0001011100011111
0001110110110000
0001100010110001
0000101101100010
0000000100011011
0000010101111010
0001010001101111
0001111001010100
0001101010101001
0000110110111101
0000001010101101
0000010000011011
0001000001101001
0001101110111000
0001110011110010
0001001011100000
0000010010110011
0000000011100010
0000110010000101
0001101100010000
0001111001101001
0001010011000111
0000011011100111
0000000110000011
0000100110110011
0001011100000011
0001110111000000
0001100011110010
0000101101000111
0000000010010000
0000010101100110
0001010100001010
0001111010111000
0001101010000010
0000110101011101
0000001001101011
0000010000110001
0001000010111011
0001101111111111
0001110011111000
0001001010011011
0000010001000100
0000000010110001
0000110011011111
0001101110001011
0001111001010110
0001010010000000
0000011011111101
0000000110001101
0000100110000110
0001011100011101
0001111000100100
0001100011110100
0000101011001101
0000000001100010
0000010110110001
0001010100110001
0001111010101011
0001101001111011
0000110101101010
0000001001101000
0000001111001010
0001000001111010
0001110010000100
0001110110000011
0001001001010001
0000001110111101
0000000011001111
0000110100110001
0001101101100001
0001111000101111
0001010010101001
0000011011101110
0000000101000111
0000100101100101
0001011101011111
0001111010110000
0001100100011101
0000101001001111
0000000000001111
0000011000001010
0001010101110110
0001111001011111
0001101001010010
0000110110011010
0000001001000111
0000001110011011
0001000011000111
0001110011100011
0001110101010101
0001000110101001
0000001110000001
0000000101100001
0000110110110011
0001101100101101
0001110111010111
0001010011010001
0000011100000000
0000000011000010
0000100101000001
0001100000001011
0001111100000110
0001100010001100
0000100111010011
0000000001010000
0000011001010100
0001010101000110
0001111000110111
0001101010000101
0000110111110010
0000001001001110
0000001100101111
0001000010010100
0001110101000011
0001110110101011
0001000110000111
0000001100110100
0000000100111111
0000110110111010
0001101101000011
0001110111110110
0001010011111001
0000011100101101
0000000010110100
0000100011011010
0001011111110000
0001111110001110
0001100011010011
0000100101011110
0000000000000000
0000011010011100
0001010110000011
0001111000010010
0001101001100001
0000110111111000
0000001001010101
0000001100111010
0001000010110010
0001110101010010
0001110101111011
0001000101010111
0000001101111100
0000000110110111
0000110110001100
0001101010101010
0001110111111001
0001010110001001
0000011101001000
0000000001011000
0000100011011100
0001100000111010
0001111100110110
0001100001000111
0000100111000110
0000000011000000
0000011010010010
0001010011101110
0001110111000000
0001101010011011
0000111001010011
0000001001011001
0000001100001100
0001000001111111
0001110100011110
0001110101111000
0001000110001110
0000001110011000
0000000110011000
0000110110010100
0001101011010110
0001110111011101
0001010101100011
0000011101111001
0000000001101100
0000100010000111
0001100000010000
0001111110011011
0001100010001101
0000100101110011
0000000010001001
0000011011011001
0001010100010001
0001110110100110
0001101010110101
0000111001110010
0000001000100001
0000001011011011
0001000011010010
0001110110000111
0001110101000111
0001000100001000
0000001101111001
0000000111100110
0000110111000111
0001101010111100
0001110110111010
0001010101001111
0000011101101010
0000000001110101
0000100010110000
0001100000011000
0001111101101001
0001100001110010
0000100110011111
0000000010111100
0000011010110011
0001010010100110
0001110101111000
0001101011110001
0000111010100010
0000001000001010
0000001011000101
0001000011101000
0001110110000110
0001110100110101
0001000101000111
0000001111011100
0000000111010001
0000110100101010
0001101001010010
0001111000001011
0001010111011100
0000011101110011
0000000000011100
0000100010011110
0001100001011010
0001111101001101
0001100000000110
0000100110111110
0000000100111001
0000011010111100
0001010001001111
0001110101010100
0001101100001111
0000111011011101
0000001000100001
0000001010001000
0001000010111001
0001110110100010
0001110100101000
0001000100011111
0000010000011010
0000001000011110
0000110100100100
0001101000111110
0001111000001011
0001010110100110
0000011100000101
0000000000111011
0000100101110010
0001100010010000
0001111010001101
0001011110100011
0000101000110110
0000000110001000
0000011001010111
0001010000001101
0001110110101111
0001101101100110
0000111010101111
0000000111000110
0000001010011011
0001000100010001
0001110110001010
0001110010111111
0001000100000100
0000010001011101
0000001001001011
0000110011100111
0001100111111101
0001111000011101
0001010111011100
0000011101000111
0000000001000001
0000100100011000
0001100001001010
0001111010011010
0001011111101000
0000101010001000
0000000110100000
0000011000010011
0001001111000000
0001110110111011
0001101101111010
0000111001101101
0000000111110010
0000001101011101
0001000100110000
0001110011100011
0001110001111100
0001000110000001
0000010010110111
0000000111101110
0000110001111010
0001101000101011
0001111001110110
0001010111001001
0000011100001100
0000000001101001
0000100101001000
0001100000000101
0001111001011110
0001100000001001
0000101010101010
0000000110011111
0000011000100011
0001001111010100
0001110110011000
0001101100101110
0000111001101100
0000001001000100
0000001110000100
0001000011010011
0001110001100110
0001110010100000
0001001000010001
0000010010110100
0000000110000110
0000110010111100
0001101011000001
0001111001100011
0001010100101100
0000011010111100
0000000011001001
0000100111001101
0001011111100000
0001110111100100
0001100000110010
0000101100110100
0000000101111101
0000010101111110
0001001111001110
0001111000010001
0001101100111110
0000111000111110
0000001001100010
0000001110100110
0001000010110110
0001110001010101
0001110010100010
0001000111100110
0000010010001011
0000000110100111
0000110011110000
0001101010110001
0001110111111100
0001010011100110
0000011100100100
0000000101010001
0000100110010001
0001011101001011
0001110111100001
0001100010100100
0000101101011101
0000000101010011
0000010101110101
0001001111011000
0001111000001010
0001101100111011
0000111000110110
0000001001101001
0000001111010101
0001000011001000
0001110000001000
0001110001011110
0001001000101011
0000010011110011
0000000110010011
0000110010001011
0001101001111001
0001111000110111
0001010101001110
0000011100100100
0000000011110100
0000100101011001
0001011101011010
0001111000001000
0001100011000011
0000101101011111
0000000100011001
0000010101000100
0001010000100101
0001111001101101
0001101100000011
0000110110111000
0000001001011010
0000010000101001
0001000011110110
0001101111101100
0001110000111100
0001001000100010
0000010011110010
0000000110010101
0000110010010000
0001101011001001
0001111010001011
0001010011010111
0000011001111101
0000000101001101
0000101000011010
0001011101010000
0001110101111010
0001100010010111
0000101110011111
0000000110010000
0000011010011111
0001010111001000
0001110010000011
0001001111010010
0000100100010101
0000100110110011
0001000101011100
0001001111001010
0001000001110001
0000111011111110
0001000001111000
0001000000011100
0000111000000100
0000111010101111
0001000111101110
0001001010111100
0001000000000000
0000110111001111
0000111010011001
0001000001101101
0001000100000100
0001000010111010
0001000001111101
0000111111011011
0000111011011010
0000111011101000
0001000001011100
0001000110000100
0001000011100100
0000111101011000
0000111011001010
0000111101101111
0001000000101110
0001000010110111
0001000100010101
0001000010100010
0000111100001100
0000110111100101
0000111100111001
0001000111110110
0001001010000001
0001000000001001
0000110111100100
0000111001011000
0001000000011011
0001000101101000
0001000110101101
0001000010000001
0000111010001101
0000110111110001
0000111110100010
0001000110101010
0001000110001111
0000111111010000
0000111011000010
0000111101001011
0001000000111100
0001000001110101
0001000001011001
0001000001100110
0000111111011100
0000111011110110
0000111101101111
0001000011101110
0001000100101110
0000111110111101
0000111010110000
0000111101110111
0001000011000101
0001000010110101
0000111111100111
0000111111011110
0001000000100110
0000111110111010
0000111101011101
0001000000100010
0001000100000001
0001000001011010
0000111100001011
0000111101000010
0001000010011011
0001000011010100
0000111111100000
0000111110001101
0001000000001111
0001000000011011
0000111110011101
0000111111001000
0001000010010111
0001000010001100
0000111110101000
0000111101100110
0000111111111000
0001000001001111
0001000000000111
0000111111101011
0001000001100000
0001000001100001
0000111110000100
0000111100110001
0001000000010010
0001000011011001
0001000001011101
0000111101110111
0000111110100101
0001000001010111
0001000000101100
0000111110011110
0000111111100011
0001000010010001
0001000001010100
0000111101110111
0000111110000011
0001000001010110
0001000001110110
0000111111010101
0000111110100110
0001000000110001
0001000001000101
0000111110100100
0000111110110111
0001000010010101
0001000010011000
0000111110100110
0000111101011101
0001000000010001
0001000001101110
0000111111101100
0000111110010101
0001000000110010
0001000010110010
0000111111110010
0000111100111100
0000111111101000
0001000010100110
0001000000100101
0000111101111011
0000111111001010
0001000001101011
0001000001000111
0000111110101101
0000111110111010
0001000001000010
0001000000101011
0000111110110011
0000111111111111
0001000010010010
0001000000010001
0000111100111011
0000111110101010
0001000010101110
0001000010000100
0000111101110000
0000111101100010
0001000010000001
0001000010101000
0000111101111111
0000111101001101
0001000001110000
0001000011000000
0000111110110010
0000111100111010
0001000000101011
0001000010110011
0000111111101000
0000111101100011
0000111111111101
0001000001101110
0000111111111100
0000111110111110
0001000001010100
0001000010001110
0000111110110100
0000111100011000
0000111111000000
0001000010110010
0001000001101111
0000111110010101
0000111111001010
0001000001111111
0001000000100101
0000111101100001
0000111110110000
0001000010001101
0001000001101000
0000111101011100
0000111101110001
0001000011001011
0001000011101100
0000111101101000
0000111011100101
0001000000100001
0001000011001110
0000111111111001
0000111101100111
0001000000101101
0001000010111101
0000111111011111
0000111100010010
0000111111100100
0001000011101110
0001000001001001
0000111100110101
0000111110110011
0001000010111011
0001000001001110
0000111101010110
0000111111000111
0001000010101001
0001000000000100
0000111100010011
0000111111011110
0001000100001000
0001000001110101
0000111100110100
0000111101101101
0001000010000000
0001000001100111
0000111101111111
0000111110100111
0001000010101001
0001000010011001
0000111101010111
0000111100000111
0001000001001010
0001000011110110
0001000000001000
0000111101011011
0001000000001001
0001000010001110
0000111111010100
0000111101011100
0001000000111001
0001000010110001
0000111110110111
0000111100100010
0001000000011010
0001000011111011
0001000001000010
0000111100010111
0000111110000000
0001000010111101
0001000001101000
0000111100101111
0000111110100100
0001000011110001
0001000010000110
0000111100100111
0000111101000011
0001000001111100
0001000010101111
0000111111000100
0000111110001000
0001000000110111
0001000000111000
0000111110001001
0000111111001000
0001000010110100
0001000001111110
0000111101010001
0000111100011101
0001000001000010
0001000011101100
0001000000011010
0000111101010101
0000111111011100
0001000001110000
0000111111010000
0000111101010011
0001000001011100
0001000100110010
0000111111111010
0000111010100110
0000111101110101
0001000011011100
0001000010011010
0000111110010010
0000111110101001
0001000001011110
0001000000100100
0000111101110101
0000111111010100
0001000010101110
0001000001010100
0000111101000110
0000111101010010
0001000001100111
0001000011001000
0000111111100111
0000111101101110
0001000000010101
0001000001000001
0000111110100001
0000111111000100
0001000010001111
0001000001111111
0000111110000100
0000111100100101
0001000000001111
0001000011001100
0001000000101100
0000111101100010
0000111111001000
0001000010000011
0001000000100101
0000111101100000
0000111111011101
0001000011010111
0001000001000111
0000111100001111
0000111101101001
0001000010001101
0001000010000000
0000111111001000
0000111111011111
0001000001000101
0000111111011011
0000111100111110
0000111110110100
0001000011010011
0001000011010000
0000111110010011
0000111100100101
0001000000010000
0001000010001100
0000111111011100
0000111101110100
0001000000110010
0001000010011001
0000111110101000
0000111100111000
0001000001011000
0001000100001001
0000111111110000
0000111011000111
0000111101101010
0001000011001101
0001000011000100
0000111110101011
0000111110100011
0001000001101101
0000111111111111
0000111100001100
0000111110100110
0001000011011100
0001000010100111
0000111110011011
0000111101111011
0001000000111011
0001000001011101
0000111110110110
0000111110011010
0001000000101110
0001000001010001
0000111110111101
0000111110010101
0001000001111000
0001000011010101
0000111110010000
0000111010111011
0000111111101100
0001000011111011
0001000001000001
0000111101110110
0001000000010101
0001000010010111
0000111110011011
0000111011100001
0001000000000010
0001000100100000
0001000001100000
0000111100111111
0000111110001110
0001000001011111
0001000000100101
0000111110100101
0001000000000010
0001000010001000
0001000000001100
0000111101000100
0000111110100001
0001000010100001
0001000010010011
0000111110001011
0000111101001101
0001000001001010
0001000010100011
0000111110100000
0000111101101010
0001000010000111
0001000010010101
0000111101001110
0000111100001101
0001000001011111
0001000100011101
0001000000011110
