0000111101000100
0001000001100010
0001000011001011
0000111111001011
0000111101011110
0001000001010010
0001000011000001
0000111110111101
0000111100101101
0001000000011100
0001000011000001
0000111111111011
0000111101101001
0001000000110000
0001000010111001
0000111111010011
0000111100110011
0001000000011001
0001000011010010
0001000000001000
0000111100110001
0000111111100110
0001000011110111
0001000001100000
0000111100011001
0000111101110110
0001000011001011
0001000011000011
0000111101110000
0000111100011100
0001000001011110
0001000011111110
0000111111101100
0000111100110011
0001000000000111
0001000010101010
0000111111100011
0000111101000101
0001000000101111
0001000011110001
0001000000000100
0000111100011101
0000111111100100
0001000011000101
0001000000100110
0000111101100010
0000111111111100
0001000010111101
0001000000100000
0000111101001100
0000111111100011
0001000011010001
0001000000111111
0000111100100101
0000111110001010
0001000011000110
0001000010100111
0000111101100110
0000111101011000
0001000010011000
0001000010110011
0000111101101111
0000111101001011
0001000010101011
0001000011111100
0000111110000011
0000111011110010
0001000001010101
0001000011101111
0000111110110100
0000111100110100
0001000001011101
0001000011101111
0000111111100100
0000111100101101
0001000000001000
0001000011000011
0000111111111111
0000111100111000
0000111111110111
0001000011100011
0001000000110110
0000111100110001
0000111111001110
0001000011000100
0001000000011010
0000111100100011
0000111111010101
0001000100000001
0001000001110100
0000111100101000
0000111110010011
0001000011100110
0001000010010000
0000111100100100
0000111100111101
0001000010110101
0001000011101011
0000111110011010
0000111101001100
0001000001101110
0001000010010100
0000111101010110
0000111100101111
0001000010110100
0001000100101101
0000111110101100
0000111011110000
0001000001000111
0001000100010000
0000111110111011
0000111011100111
0001000001000111
0001000100101001
0000111111010010
0000111011100110
0001000000100100
0001000100101111
0001000000001010
0000111011010001
0000111111010000
0001000100101110
0001000001011101
0000111100000100
0000111110110000
0001000011011101
0001000000101101
0000111011000111
0000111001001110
0000111011100111
0001001000100111
0001011011100111
0001010101011100
0000101001011101
0000001001100111
0000100110101101
0001100101100111
0010000000000000
0001011000001011
0000010110101111
0000000001001110
0000101011000101
0001100010011110
0001110100110010
0001011011001101
0000101011011001
0000001001111100
0000011001000000
0001001110101101
0001111000101111
0001101110100110
0000110110001010
0000000100100010
0000001111011101
0001001001001010
0001110100010111
0001101110100011
0001000011011000
0000010011111101
0000001010010100
0000110011001001
0001101000111111
0001111001100000
0001010101001000
0000011011000111
0000000101001000
0000101001100111
0001011110010100
0001110001111110
0001011100000011
0000110000001011
0000001111100000
0000011001111100
0001001000011100
0001110000001011
0001101101000001
0000111110000101
0000001101000100
0000001111111010
0001000011000011
0001101110010011
0001101101010100
0001000110101101
0000011000011010
0000001100101011
0000110001101001
0001100100000011
0001110101101011
0001010110011110
0000011111000110
0000000110100011
0000101000011010
0001011101001111
0001110001110111
0001011100010010
0000101110111110
0000001110000110
0000011100010101
0001001101001010
0001110000101111
0001100111100000
0000111000000001
0000001101011010
0000010110010011
0001001000100000
0001101101011111
0001100110110110
0001000000110001
0000011001000001
0000010011001000
0000110111110100
0001100100101010
0001110000001011
0001001111110000
0000011101011100
0000001011011110
0000101110001110
0001011110111110
0001101111100100
0001011000001001
0000101100010101
0000001110100101
0000011101110001
0001001111001011
0001110011000010
0001100110110100
0000110100111100
0000001100011100
0000010111101110
0001001000110001
0001101100011110
0001100111101001
0001000011001100
0000011000101111
0000001111001101
0000110101111110
0001101000000100
0001110100000000
0001001111000101
0000011010011010
0000001010100011
0000101111101010
0001011111101100
0001101110111101
0001011000100111
0000101101010010
0000001101100010
0000011100000011
0001001111010100
0001110100010011
0001100111110011
0000110100100111
0000001011010000
0000010111101111
0001001001010101
0001101100001100
0001101000000010
0001000100000000
0000011000000110
0000001110001010
0000110101111110
0001101000110001
0001110100010010
0001001110010010
0000011001110000
0000001010111111
0000101111110010
0001011111000100
0001101111100011
0001011010100110
0000101100111101
0000001010001100
0000011011001100
0001010011001111
0001110111011100
0001100101100110
0000110001000000
0000001011010011
0000011001100111
0001001001111100
0001101100001001
0001101000011000
0001000100010001
0000010111000110
0000001100111010
0000110111100001
0001101011011101
0001110011100010
0001001011001000
0000011000101101
0000001100010110
0000110000011101
0001011111000010
0001110000011110
0001011010100100
0000101010101010
0000001000111110
0000011101011010
0001010101101111
0001110110100111
0001100011000100
0000110000010011
0000001100110010
0000011010101101
0001001000101110
0001101011001000
0001101010101100
0001000101110111
0000010100000110
0000001010011000
0000111001011101
0001101101101010
0001110010000111
0001001001001001
0000011010000101
0000001110101001
0000110000001011
0001011101011110
0001101111111110
0001011011001101
0000101010111011
0000001000101111
0000011101101110
0001010101101110
0001110101010011
0001100010100001
0000110010000001
0000001110000001
0000011001000000
0001000110111110
0001101100010110
0001101011111010
0001000100110000
0000010011100100
0000001011111111
0000111010001011
0001101011010101
0001110000010001
0001001011010110
0000011101000101
0000001101110000
0000101101000100
0001011101001101
0001110011000011
0001011100011101
0000101000000110
0000000111001011
0000100000010000
0001010111100001
0001110011111001
0001100000111101
0000110010011111
0000001111010010
0000011001001110
0001000110001100
0001101100000011
0001101100000001
0001000011111111
0000010011001110
0000001101011110
0000111011001100
0001101010011111
0001101111001110
0001001011001001
0000011101111001
0000001111000010
0000101100111101
0001011011100000
0001110001110100
0001011100110101
0000101001011100
0000001000001100
0000100000101100
0001010111011000
0001110010010101
0001011111010100
0000110011011010
0000010001010111
0000011001101010
0001000101011000
0001101011110100
0001101100010010
0001000011001101
0000010010001100
0000001110110111
0000111101111010
0001101001111001
0001101011101001
0001001010001001
0000100000000011
0000001111110010
0000101100001111
0001011100001010
0001110010110100
0001011011100100
0000100111001110
0000001000010111
0000100010101000
0001010111101001
0001110001000000
0001011110111101
0000110100011011
0000010001110001
0000011000001010
0001000100011001
0001101101010110
0001101110001010
0001000010110100
0000010000100001
0000001110010111
0000111111000010
0001101010100111
0001101011001010
0001001001111111
0000100000100000
0000001111011111
0000101011001001
0001011100011011
0001110100100001
0001011100000100
0000100101111110
0000000111010101
0000100011010001
0001011000110111
0001110000011011
0001011101101101
0000110101010100
0000010011001101
0000010111011010
0001000011010001
0001101101110011
0001101101111010
0001000000111100
0000010000010100
0000010000100000
0000111111110001
0001101001000100
0001101010100100
0001001011011000
0000100001010111
0000001110110010
0000101010010010
0001011100101000
0001110101010000
0001011011011101
0000100100100100
0000000111111010
0000100101000010
0001011000100001
0001101110111101
0001011110001101
0000110110101011
0000010010101000
0000010101111100
0001000011110100
0001101111111100
0001101110001010
0000111110111010
0000001111100101
0000010001110010
0000111111111101
0001100111010111
0001101010000101
0001001101011111
0000100010010101
0000001100100001
0000101001010110
0001011110110010
0001110101110001
0001011001000010
0000100100000001
0000001010110011
0000100110100111
0001010110000110
0001101100100101
0001011111010010
0000111000010110
0000010001100110
0000010100100111
0001000101011010
0001110000111111
0001101100011100
0000111110100100
0000010001100110
0000010010100010
0000111110010000
0001100101111111
0001101011001100
0001001110101100
0000100001100100
0000001011111011
0000101010001110
0001011111011110
0001110100101100
0001010111010110
0000100100100111
0000001101000101
0000100110111001
0001010011111010
0001101011111011
0001100001001011
0000111000011101
0000001111101100
0000010100111000
0001000111011001
0001110001010000
0001101010001101
0000111100110100
0000010011100000
0000010101001001
0000111101010100
0001100100001010
0001101011111001
0001001111110101
0000011111110101
0000001001110011
0000101100010100
0001100010110101
0001110011100110
0001010100010100
0000100101011010
0000001111110100
0000100110000000
0001010001010100
0001101100100110
0001100011011100
0000111000011101
0000001110000100
0000010100111011
0001001001000010
0001110000101101
0001100111111111
0000111101001010
0000010101011101
0000010100111110
0000111011100011
0001100011110111
0001101101000011
0001001111100000
0000011110111001
0000001011010110
0000101110011101
0001100001010101
0001110000000001
0001010100001101
0000101000011011
0000010000010010
0000100011101111
0001010001010000
0001101110110111
0001100011101110
0000110110001011
0000001101100101
0000010111001011
0001001001101110
0001101111000011
0001100111011011
0000111110110101
0000010110111010
0000010011100110
0000111001001001
0001100100101010
0001101111110011
0001001111011100
0000011100110111
0000001010111100
0000101111001010
0001100001010001
0001101111011010
0001010011111101
0000101001001110
0000010001011000
0000100011000100
0001001111110011
0001101111001111
0001100100111101
0000110101100001
0000001100000001
0000010111100100
0001001010111011
0001101110010001
0001100110000100
0001000000001010
0000011001000010
0000010010110000
0000110111010000
0001100100111100
0001110000100101
0001001110100101
0000011011111010
0000001100011010
0000110001110100
0001100000111001
0001101100110111
0001010011100011
0000101010100110
0000010001001111
0000100001101110
0001010000010011
0001110001010101
0001100101001000
0000110011011010
0000001011010001
0000011001010101
0001001100001000
0001101100110001
0001100100001111
0001000000101000
0000011010010101
0000010010100111
0000110110010100
0001100101100011
0001110001110100
0001001101110110
0000011010010001
0000001100101001
0000110010111011
0001100000100100
0001101011100111
0001010100000111
0000101100111001
0000010001110100
0000100000001110
0001001111000011
0001110001000100
0001100101001011
0000110011110111
0000001101100010
0000011111111000
0001010011100100
0001100101111010
0001000110101101
0000101001011011
0000110011001011
0001001011001100
0001001100010000
0000111011101110
0000110100011000
0000111011110000
0001000100010001
0001000110101010
0001000101011111
0001000000000100
0000111000011010
0000111000101001
0001000001110101
0001000111110100
0001000101001000
0000111111101000
0000111011110011
0000111001110111
0000111100001100
0001000011101111
0001001001110011
0001000101100000
0000111001011000
0000110101000100
0000111110110010
0001000111011011
0001000100110001
0001000000001011
0000111111101000
0000111101111110
0000111010001111
0000111100000110
0001000101001111
0001001001100101
0001000010001101
0000111010001101
0000111010011101
0000111110000111
0001000000100111
0001000011110111
0001000111010010
0001000100011000
0000111001111010
0000110100001111
0000111101001110
0001001010000001
0001001001011101
0000111110011010
0000111000111000
0000111100001111
0001000000001100
0001000001110011
0001000100001110
0001000101000110
0000111110101110
0000110110100110
0000111001101000
0001000101110011
0001001010101010
0001000010100101
0000111001110100
0000111010011100
0000111111001010
0001000000101101
0001000001101010
0001000100011000
0001000011110010
0000111101011101
0000111001000101
0000111101011101
0001000100101001
0001000100010110
0000111110111111
0000111101110001
0001000000100010
0001000000010111
0000111101111111
0000111111101111
0001000011100110
0001000001110011
0000111100010010
0000111100100001
0001000010011111
0001000100100101
0001000000000010
0000111100100110
0000111110011000
0001000000101110
0001000000001111
0001000000000001
0001000010001110
0001000010101000
0000111110100000
0000111011101000
0000111110111000
0001000011100010
0001000010101101
0000111110010111
0000111101101110
0001000000011001
0001000000100101
0000111111101111
0001000001010000
0001000001100111
0000111110010100
0000111100000111
0000111111100100
0001000100010101
0001000011001100
0000111110010011
0000111101000111
0000111111111010
0001000001000100
0000111111000010
0000111111010110
0001000011001000
0001000010011001
0000111100100100
0000111011110011
0001000001111010
0001000100111100
0001000000100001
0000111100011011
0000111110011101
0001000001011110
0001000000101101
0000111111101000
0001000001011101
0001000010011100
0000111110010001
0000111010101100
0000111111101000
0001000110001010
0001000011010101
0000111100011010
0000111100010010
0001000000101001
0001000000110100
0000111110100111
0001000001011101
0001000101010011
0001000000110101
0000111001000100
0000111011000011
0001000100100001
0001000110100110
0000111111100010
0000111011110000
0000111111000010
0001000001100100
0000111111101100
0000111110100011
0001000001101000
0001000010110110
0000111101111110
0000111011101101
0001000001001010
0001000100111000
0001000000100011
0000111100010110
0000111110110010
0001000001100011
0000111111011011
0000111110011011
0001000010100111
0001000100010111
0000111110101111
0000111010001100
0000111110100111
0001000100011111
0001000010001101
0000111101011000
0000111110111100
0001000010101010
0001000000011101
0000111100000011
0000111110001110
0001000100001101
0001000011010010
0000111100100101
0000111100010101
0001000010101010
0001000011100101
0000111110010101
0000111101010110
0001000001001111
0001000000111110
0000111101000000
0000111110111000
0001000101010110
0001000100010010
0000111011111010
0000111001101000
0001000000101011
0001000101000111
0001000000101010
0000111101000000
0001000000101101
0001000011000000
0000111110010011
0000111011101000
0001000000100101
0001000100110111
0001000001001001
0000111011111010
0000111110001110
0001000011011011
0001000010001000
0000111101000111
0000111101110110
0001000010011000
0001000001010110
0000111100111100
0000111110101011
0001000100001000
0001000010101111
0000111100010001
0000111011111001
0001000001110111
0001000011011111
0000111111000001
0000111101111001
0001000010000011
0001000010011000
0000111101000011
0000111011110101
0001000001110010
0001000101001001
0001000000000001
0000111011010111
0000111111000111
0001000011100010
0001000000011101
0000111101000010
0001000000011001
0001000011000101
0000111111010111
0000111100100000
0001000000011011
0001000100011000
0001000000110100
0000111011011010
0000111101110100
0001000011001010
0001000001100101
0000111101010001
0000111111010001
0001000011111110
0001000001110111
0000111011011000
0000111100000000
0001000011100000
0001000100101001
0000111101100100
0000111011101000
0001000001111001
0001000100000000
0000111110011100
0000111011111110
0001000001001000
0001000100011101
0000111111101010
0000111011011111
0000111111110101
0001000100000010
0001000000001101
0000111100011101
0000111111110011
0001000011010101
0001000000011001
0000111100011000
0000111110111010
0001000011010011
0001000001001011
0000111100101011
0000111110011110
0001000011110100
0001000010100001
0000111100000001
0000111100101110
0001000011110101
0001000011100011
0000111100101111
0000111100001100
0001000010000001
0001000011011100
0000111110011101
0000111100011011
0001000001010011
0001000011111110
0000111111011011
0000111100011001
0001000000010000
0001000011001011
0000111111010110
0000111100010001
0001000000011101
0001000100010011
0001000000011010
0000111011111011
0000111110110011
0001000011000110
0001000000110010
0000111101001001
0000111111101111
0001000011011010
0001000000101011
0000111100001010
0000111101111100
0001000011000001
0001000010100110
0000111101110111
0000111101010101
0001000001011111
0001000010100110
0000111110100011
0000111101000100
0001000001100001
0001000011010111
0000111110001111
0000111011011111
0001000000101010
0001000100100010
0001000000011000
0000111100010001
0000111111101110
0001000011010001
0000111111101010
0000111100100001
0001000000011110
0001000011110010
0000111111111000
0000111011111101
0000111111000001
0001000011101010
0001000001101101
0000111100110110
0000111110000101
0001000010100001
0001000001000000
0000111100110001
0000111110101010
0001000011011101
0001000010010110
0000111101001001
0000111101000000
0001000010010010
0001000010111101
0000111101110100
0000111101010010
0001000010000110
0001000010001101
0000111101110100
0000111101111000
0001000001111011
0001000010000011
0000111101101110
0000111101000010
0001000001110001
0001000011011100
0000111111001000
0000111100110110
0001000000010011
0001000010101111
0000111111011010
0000111100100100
0001000000101101
0001000100101011
0000111111111011
0000111010010010
0000111110000000
0001000100011010
0001000010100111
0000111101001100
0000111110010010
0001000010110010
0001000001001010
0000111011110101
0000111101100010
0001000100001110
0001000011100100
0000111100110111
0000111100101001
0001000010000001
0001000010001000
0000111101110000
0000111110001101
0001000010111110
0001000010011101
0000111100001010
0000111011011001
