0000111100111000
0001000001010101
0001000011100101
0000111111000001
0000111100001111
0001000000101100
0001000011101110
0000111111010011
0000111011111100
0001000000010111
0001000100011111
0001000000011011
0000111011100110
0000111110111100
0001000011111101
0001000001001010
0000111011110110
0000111110010001
0001000100010001
0001000010110000
0000111100100100
0000111100110101
0001000010000110
0001000010100110
0000111110001110
0000111101011101
0001000001110101
0001000010110110
0000111110100111
0000111101011111
0001000001010001
0001000001110110
0000111110010001
0000111110000110
0001000001110111
0001000010001110
0000111110010101
0000111101100111
0001000001011111
0001000010101011
0000111110011111
0000111100011110
0001000000110011
0001000100001000
0001000000011100
0000111100010100
0000111111000000
0001000010110110
0001000000011011
0000111100101100
0000111111010100
0001000011101010
0001000001101010
0000111101001101
0000111110010100
0001000010001010
0001000001000001
0000111101001001
0000111110010010
0001000010110110
0001000010110000
0000111110100010
0000111101110101
0001000001000101
0001000001100110
0000111110000011
0000111101011111
0001000010001011
0001000011101001
0000111110101100
0000111100011010
0001000000100101
0001000010110101
0000111111010101
0000111101000000
0001000000011001
0001000011011010
0001000000100100
0000111101010111
0000111111001101
0001000001100001
0000111111101111
0000111101110000
0001000000000010
0001000010111010
0001000000111000
0000111101101100
0000111111011000
0001000010001000
0001000000001001
0000111101000001
0000111110101101
0001000010101101
0001000010011100
0000111110100110
0000111101101010
0001000000101011
0001000001101101
0000111110101101
0000111110000000
0001000001101011
0001000010111110
0000111111001111
0000111100111010
0000111111100111
0001000010001111
0001000000001101
0000111101100111
0000111111100010
0001000010100000
0001000001001011
0000111110001010
0000111110111110
0001000001100111
0001000000011011
0000111101100101
0000111110111101
0001000010101111
0001000010011000
0000111110001101
0000111101100110
0001000001011000
0001000001110110
0000111101111010
0000111101101100
0001000010000010
0001000010101011
0000111101101101
0000111001001101
0000111001001011
0001000011110111
0001010111010100
0001011000101001
0000110011111000
0000001110110111
0000011111011000
0001011001110000
0001111011110110
0001100000011001
0000100011110000
0000000100100100
0000100001110010
0001010111101111
0001110010100100
0001100010100100
0000110110101101
0000001111010110
0000010011010101
0001000010101110
0001110000101111
0001110010100000
0001000100110001
0000001111011110
0000001010010000
0000111011000111
0001101100100111
0001110001000011
0001001100111010
0000011111111110
0000001101101101
0000100111110010
0001011010000100
0001110111001100
0001100001010001
0000101000100101
0000000101101110
0000011111010111
0001010101111101
0001110001001000
0001100000111100
0000111001011000
0000010101101001
0000010100100011
0000111100011001
0001101011000110
0001110011001011
0001001001011000
0000010011100101
0000001010110010
0000111000001010
0001101000101011
0001101111111000
0001010000000111
0000100011000011
0000001011111010
0000100100100010
0001011010101011
0001111010100000
0001100011010101
0000100111010101
0000000010000110
0000011100010011
0001010110100011
0001110110011001
0001100110111110
0000111000111101
0000001101011111
0000001110000100
0000111111101011
0001110011111011
0001110111101100
0001000110001100
0000001101101001
0000001000001111
0000111000111110
0001101010110111
0001110011011111
0001010010011110
0000100000010110
0000000111001011
0000100100010011
0001011111010101
0001111101010110
0001011111111000
0000100010110101
0000000011011111
0000100000111000
0001010111100000
0001110011111101
0001100101010100
0000111000101010
0000001101100000
0000001110111110
0001000010011001
0001110101111110
0001110100111101
0001000000110011
0000001100111000
0000001100110100
0000111100101011
0001101011000000
0001110010000000
0001010000010101
0000011101000011
0000000101001011
0000100111000100
0001100100100100
0001111110110001
0001011100100101
0000011111110011
0000000010111011
0000100000110101
0001011000011100
0001110110111100
0001100111010010
0000110110001100
0000001000111111
0000001101110110
0001000101100010
0001111000111101
0001110101010010
0000111111110101
0000001011100110
0000001011011001
0000111011101100
0001101011101111
0001110100011010
0001010001110100
0000011011010010
0000000010110011
0000100111111000
0001100110110101
0001111110011101
0001011010100000
0000011111110110
0000000101000010
0000100001010010
0001010110110110
0001110110111111
0001101001001100
0000110101110011
0000000110001101
0000001101011010
0001001000010000
0001111010100001
0001110011110010
0000111101011111
0000001010101001
0000001100000000
0000111100110100
0001101101100100
0001110110000010
0001010000001011
0000010111011111
0000000010100000
0000101011101001
0001101000111111
0001111100011011
0001011000001001
0000011111101001
0000000101000111
0000100001010111
0001011000011111
0001111001001110
0001101001001000
0000110010001101
0000000011001111
0000001111111011
0001001101001000
0001111010110110
0001101111111100
0000111011011110
0000001011110000
0000001100101010
0000111100101001
0001101110010111
0001110110111000
0001001111011100
0000010110001110
0000000010101010
0000101100100011
0001101000101100
0001111011011110
0001011000010010
0000100000111110
0000000101111110
0000100000000111
0001010111001111
0001111010011011
0001101010011011
0000110000101010
0000000001010000
0000010000110011
0001001111000011
0001111010101101
0001101110110111
0000111100010100
0000001101101010
0000001100001100
0000111001111011
0001101101111101
0001111001010010
0001001111101110
0000010100000010
0000000010010001
0000101110111001
0001101001111001
0001111001110101
0001010110111100
0000100001100011
0000000110000000
0000011111001010
0001010111110010
0001111100001111
0001101011000111
0000101111100100
0000000000000010
0000010000110111
0001001111111001
0001111010011001
0001101101101100
0000111100111001
0000001110110010
0000001011010101
0000111001010000
0001101111000101
0001111010000101
0001001111001111
0000010010111110
0000000001100000
0000101111010000
0001101010111010
0001111010011111
0001010111100111
0000100001111010
0000000100101111
0000011101011010
0001011000010110
0001111110000010
0001101010111110
0000101110010001
0000000000000110
0000010001101010
0001001111101001
0001111001111111
0001101101111011
0000111101000100
0000001110100100
0000001010111011
0000111000110011
0001101111011011
0001111011000100
0001001111011011
0000010010110001
0000000010001011
0000101111011010
0001101001011110
0001111001011111
0001010111111110
0000100010010001
0000000100110010
0000011101110101
0001011000101111
0001111101101111
0001101010001011
0000101101110111
0000000000101100
0000010010100110
0001001111011010
0001111001000110
0001101110100000
0000111110010110
0000001110000100
0000001001010000
0000111000011010
0001110000011111
0001111011101010
0001001110101000
0000010010000011
0000000010110010
0000110000001101
0001101000111100
0001111000111000
0001011000111001
0000100011000000
0000000011100101
0000011100100000
0001011001010111
0001111111001111
0001101010001111
0000101100101000
0000000000010010
0000010011001110
0001001111010100
0001111000100010
0001101111010001
0000111111101111
0000001101110001
0000000111110101
0000111000010101
0001110001011101
0001111011110101
0001001110001101
0000010010000111
0000000011001111
0000101111111101
0001101000000000
0001111000100000
0001011001010111
0000100011110010
0000000100011010
0000011100101111
0001011000101110
0001111110011011
0001101001011011
0000101100100011
0000000001101111
0000010100100101
0001001110101010
0001110110110100
0001101110011100
0001000000000111
0000001110100010
0000001000010000
0000111000100011
0001110001010101
0001111010111010
0001001101011110
0000010011001101
0000000101000000
0000101111110010
0001100110000101
0001110111001010
0001011001110011
0000100101000011
0000000100111001
0000011100100001
0001011000110111
0001111110011001
0001101000101110
0000101100100100
0000000010110110
0000010100111011
0001001101101111
0001110110001101
0001101111000010
0001000000100101
0000001110001011
0000000111110000
0000111000011111
0001110001101110
0001111010110100
0001001100100101
0000010011011110
0000000110011100
0000101111011100
0001100100100000
0001110111110000
0001011011111100
0000100100110000
0000000010110111
0000011100110101
0001011010011011
0001111101100001
0001100110110101
0000101100111001
0000000100101111
0000010101100011
0001001100001111
0001110100111000
0001101111100110
0001000001101011
0000001110000011
0000000111100000
0000111001010000
0001110001101100
0001111001010000
0001001100001110
0000010101000100
0000000111010100
0000101110010110
0001100011000100
0001110111110001
0001011100111000
0000100100111110
0000000010010010
0000011101001000
0001011011001011
0001111100011000
0001100100101011
0000101101111110
0000001000001100
0000010101101100
0001001001000111
0001110100000110
0001110001111110
0001000001111000
0000001011001011
0000000110111101
0000111100101000
0001110011101110
0001110111001011
0001001001110111
0000010101110110
0000001000101011
0000101101001010
0001100010000011
0001111001101000
0001011110010000
0000100010111110
0000000000110000
0000011110111010
0001011100101011
0001111010110101
0001100011001001
0000101111000100
0000001001011111
0000010100101000
0001000111110001
0001110101011001
0001110011110110
0001000001010101
0000001001011101
0000000110110101
0000111101100000
0001110011001101
0001110101111001
0001001010111010
0000011000011001
0000001000010101
0000101010011011
0001100001100110
0001111011110011
0001011111001001
0000100001111001
0000000000000110
0000011111011001
0001011101000111
0001111010011111
0001100010010100
0000101111000101
0000001010010110
0000010100101000
0001000111001101
0001110101101011
0001110100100011
0001000001000001
0000001000010010
0000000110110000
0000111111001100
0001110011110001
0001110100011000
0001001010010111
0000011001000101
0000001000000010
0000101001101101
0001100001111000
0001111100010100
0001011111001110
0000100001110010
0000000000000000
0000011111011001
0001011100110010
0001111001101110
0001100010110110
0000110000110100
0000001010010111
0000010010101001
0001000110101000
0001110111101011
0001110101100110
0000111110110100
0000000110111111
0000001000101110
0001000000000110
0001110010001110
0001110011101101
0001001011011110
0000011010010101
0000000111110111
0000101000000101
0001100001000011
0001111101001111
0001011111110000
0000100001011011
0000000000110001
0000100000010011
0001011011001111
0001110111110101
0001100011111000
0000110010111110
0000001010011010
0000010001101001
0001000110100010
0001110111011001
0001110100111000
0000111111010000
0000001001011000
0000001101011001
0001000110100010
0001101111110001
0001011100101001
0000110001000101
0000100110001011
0000111010110111
0001001000110111
0001000101110001
0001000001111001
0001000001100110
0000111100111101
0000110111101011
0000111100111011
0001000111111110
0001001001001001
0000111111110101
0000111001111000
0000111011000111
0000111101011011
0001000001001000
0001000111000001
0001000110010010
0000111100010010
0000110110001000
0000111100001111
0001000101000111
0001000110000010
0001000001111001
0000111110101101
0000111011101101
0000111001101001
0000111110010100
0001000111111011
0001001001110100
0000111111000001
0000110100110011
0000111000000011
0001000010110100
0001001000001011
0001000110001011
0001000001001010
0000111010101011
0000110110001100
0000111010101100
0001000111010110
0001001110000110
0001000100010000
0000110100111001
0000110011000010
0000111110101101
0001001000101011
0001001000011011
0001000001111001
0000111011110101
0000111000101110
0000111010001010
0001000001111001
0001001001110010
0001000110110010
0000111010110001
0000110101001101
0000111100100111
0001000110011001
0001000111010111
0001000001010100
0000111100010110
0000111010111111
0000111011110001
0001000000010110
0001000111000101
0001000111001010
0000111110000011
0000110110001101
0000111001100111
0001000011010110
0001000111001011
0001000011011100
0000111111101111
0000111101100000
0000111010010011
0000111010111010
0001000010101111
0001001000111000
0001000100000001
0000111010010001
0000111000100101
0000111111000001
0001000011000011
0001000010011000
0001000010010100
0001000001111011
0000111101010110
0000111000101101
0000111100011100
0001000110000101
0001001000010000
0000111111010010
0000111000101011
0000111100110111
0001000010011101
0001000001011011
0000111111111100
0001000010100011
0001000001110111
0000111011011010
0000111001110110
0001000001110011
0001000111010011
0001000001110011
0000111010100111
0000111100010111
0001000010000001
0001000010000111
0000111111001100
0000111111111111
0001000001100001
0000111110011111
0000111011010110
0000111110101101
0001000101000100
0001000100100000
0000111101000001
0000111010001111
0000111111101001
0001000011000110
0001000000100001
0000111111001110
0001000001101000
0001000000100100
0000111011100010
0000111100101010
0001000100010101
0001000101011011
0000111101101100
0000111010000100
0000111111001100
0001000011010110
0001000000101001
0000111110001010
0001000001001110
0001000010101000
0000111101001010
0000111001110110
0001000000001001
0001000110111100
0001000011001010
0000111011000100
0000111011011110
0001000001101101
0001000010100111
0000111110110111
0000111110110101
0001000001111001
0001000000111000
0000111100110100
0000111101011000
0001000010001100
0001000010111110
0000111110101001
0000111100110110
0001000000001001
0001000001110001
0000111110101111
0000111110001100
0001000010100001
0001000010111111
0000111101010000
0000111011010000
0001000000111000
0001000100100100
0001000000001000
0000111011011111
0000111110100010
0001000010111011
0001000000101100
0000111101010001
0001000000000000
0001000011100110
0001000000001011
0000111010110001
0000111101010100
0001000100001111
0001000011111010
0000111101111001
0000111100111100
0001000000101010
0001000000101000
0000111101011000
0000111110111011
0001000011110011
0001000010011010
0000111100000010
0000111011110010
0001000010001000
0001000100001001
0000111111001000
0000111100001111
0000111111110010
0001000010000111
0000111110111010
0000111101010111
0001000001101100
0001000011110110
0000111110100011
0000111010010000
0000111110110011
0001000101000100
0001000010111100
0000111100111001
0000111101000001
0001000001011001
0001000001000010
0000111101010010
0000111110110101
0001000011110111
0001000010010101
0000111011101011
0000111011100101
0001000010011100
0001000100011100
0000111110110101
0000111011110000
0000111111110010
0001000011001000
0000111111110111
0000111100110010
0001000000010000
0001000011001001
0000111111000000
0000111011011110
0000111111111100
0001000100101000
0001000000111000
0000111011101000
0000111110000001
0001000010100111
0001000001001011
0000111101101000
0000111111001100
0001000010100111
0001000000111000
0000111100010100
0000111100111010
0001000010011010
0001000011110011
0000111110110111
0000111100011111
0000111111111010
0001000001100111
0000111111010101
0000111111000000
0001000001011110
0001000000111100
0000111101001110
0000111100111100
0001000001100000
0001000011111110
0001000000010110
0000111100000001
0000111101101000
0001000001111010
0001000001001101
0000111110000000
0000111111110110
0001000011010010
0001000000001001
0000111010111011
0000111101011101
0001000011110101
0001000011010111
0000111101111101
0000111101000001
0001000000001100
0001000000110000
0000111110111001
0001000000001010
0001000010110001
0001000000000000
0000111011001101
0000111101010110
0001000011101110
0001000100001010
0000111110011010
0000111011110100
0000111111010111
0001000001101000
0000111111001001
0000111110010000
0001000001111101
0001000011001101
0000111110001101
0000111011000100
0000111111101001
0001000100001001
0001000001000011
0000111100010010
0000111101111010
0001000010000010
0001000001000000
0000111110000011
0000111111110110
0001000010001111
0000111111001011
0000111011111101
0000111111010111
0001000100000100
0001000001111110
0000111100111110
0000111101100111
0001000001001110
0001000000010000
0000111101010110
0000111111011100
0001000011010011
0001000001011011
0000111100011000
0000111100101000
0001000001110110
0001000011010100
0000111111000001
0000111101000110
0001000000011100
0001000001011110
0000111110001110
0000111101111001
0001000001111001
0001000010101101
0000111110001100
0000111100000000
0000111111101010
0001000010101010
0001000000110111
0000111110110000
0000111111100100
0001000000001000
0000111110000010
0000111101011010
0001000001010010
0001000011101100
0001000000001011
0000111100010000
0000111110001010
0001000010011000
0001000001110001
0000111101110000
0000111101111100
0001000001111000
0001000001100010
0000111101011100
0000111101010111
0001000001110100
0001000011000001
0000111110100111
0000111100010001
0000111111111010
0001000010101100
0001000000001101
0000111110001111
0000111111111111
0001000000011110
0000111101110101
0000111101010111
0001000001011011
0001000100000001
0001000000001011
0000111011100111
0000111101111100
0001000010001110
0001000000101011
0000111101100110
0000111111111101
0001000011001010
0001000000000101
0000111011101001
0000111101111000
0001000011000110
0001000010010110
0000111101001110
0000111100110010
0001000001011110
0001000010011011
0000111110100110
0000111110001001
0001000001101001
0001000001010101
0000111100101111
0000111100010111
0001000010001010
0001000100100100
0000111111010011
0000111011101100
0000111111010001
0001000010010000
0000111111100101
0000111101011000
