0000111111101011
0000111110100010
0001000000100100
0001000001111101
0001000000000110
0000111110010100
0000111111111011
0001000001100001
0000111111010111
0000111101100000
0000111111111011
0001000011001100
0001000010010000
0000111110001110
0000111101010100
0001000000100011
0001000010000100
0000111111101000
0000111110001000
0001000000001000
0001000001100000
0001000000000100
0000111110111111
0000111111111011
0001000000101001
0000111111110011
0000111111010111
0001000000110100
0001000001001010
0000111110111110
0000111110010101
0001000000111011
0001000010000011
0000111110111110
0000111101011110
0001000001000111
0001000011010011
0001000000000001
0000111101000001
0000111110101111
0001000010000110
0001000001100101
0000111110001001
0000111110100011
0001000010001110
0001000010000000
0000111110001111
0000111101110011
0001000001100011
0001000010000010
0000111110000111
0000111101101000
0001000001110101
0001000010111000
0000111111100111
0000111101111111
0001000000000111
0001000001011101
0000111111001110
0000111101111001
0001000000101110
0001000010110111
0001000000000100
0000111101010010
0000111111000001
0001000001110111
0001000001001101
0000111110011011
0000111110100111
0001000010000011
0001000010001111
0000111110010011
0000111101100010
0001000000110010
0001000001100100
0000111111010000
0000111110110110
0001000001000011
0001000001001111
0000111111000001
0000111110111101
0001000000101101
0001000000100100
0000111111000010
0000111110101110
0001000000111010
0001000010101000
0001000000001010
0000111101000001
0000111110101100
0001000010001011
0001000001011011
0000111110010001
0000111111001001
0001000010011010
0001000001010011
0000111110001101
0000111110011110
0001000000001110
0001000000011010
0000111111110101
0001000000011001
0001000001011010
0001000000010110
0000111110011100
0000111111000110
0001000001011000
0001000000111110
0000111101111010
0000111110001111
0001000010111101
0001000010111110
0000111101010101
0000111100001010
0001000000010110
0001000010011111
0001000000011000
0000111110100111
0001000000001110
0001000010001111
0001000000101000
0000111101110110
0000111110011011
0001000001011010
0001000001011100
0000111110011100
0000111110110000
0001000001000110
0000111101000101
0000110110111100
0001000010011000
0001011010110001
0001010110101000
0000101010111011
0000001101100001
0000101010100110
0001100101000000
0001111000010010
0001001110010101
0000011001010100
0000001110100110
0000101110101000
0001011010110001
0001110000110110
0001011010110101
0000101001011010
0000001100001101
0000011111101001
0001010001110100
0001110101001101
0001100101001011
0000110000001000
0000001100010101
0000011000111111
0001000111000000
0001110000101110
0001101110011111
0000111101100101
0000001110011001
0000001111000010
0000111100110000
0001101101101101
0001110100100000
0001001010100011
0000011000010000
0000001010111111
0000101100111100
0001100001001011
0001111000100010
0001011010011110
0000100011001101
0000001000110000
0000100000101111
0001010011010011
0001110110011110
0001100111111011
0000110010100101
0000001010111111
0000010101000010
0001000110000111
0001110011110001
0001110001000010
0000111101101101
0000001101101111
0000001111100011
0000111100111111
0001101011110101
0001110011011001
0001001011100001
0000011000010010
0000001010000100
0000101100101011
0001100010001000
0001111010011001
0001011011001110
0000100001100111
0000000101110100
0000100000010110
0001010111010101
0001111001000000
0001100101100111
0000101111101011
0000001010000010
0000010101100011
0001000111011100
0001110101001101
0001110001001000
0000111100001100
0000001101000001
0000001111110110
0000111100110010
0001101101000001
0001110101101000
0001001011000111
0000010101000111
0000000111111110
0000101111000110
0001100110011010
0001111010100111
0001010110110101
0000011101110100
0000000110111011
0000100100010110
0001011001101010
0001111001011010
0001100100101110
0000101100101110
0000000111001101
0000010110100110
0001001100000000
0001110111011111
0001101110101011
0000111001110101
0000001101001010
0000001111111110
0000111100000100
0001101101110110
0001111000011010
0001001100100011
0000010011010101
0000000101001101
0000101110001101
0001101000100010
0001111101010010
0001010111010101
0000011110010101
0000000110110101
0000100000000011
0001010101100001
0001111100001110
0001101010110011
0000101110001111
0000000011111101
0000010011001100
0001001011011101
0001111001010001
0001110000101001
0000111010111101
0000001101000100
0000001110010011
0000111010100000
0001101101101111
0001111000111110
0001001101011010
0000010011101100
0000000100010011
0000101101101001
0001101000111111
0001111101100111
0001011000001010
0000011110111100
0000000101100000
0000011111010011
0001010111010000
0001111101100001
0001101001111011
0000101100010110
0000000010111001
0000010100010001
0001001101001111
0001111001111110
0001101111101011
0000111000111110
0000001100010010
0000001111001001
0000111011101011
0001101111000111
0001111001100010
0001001011110011
0000010010000111
0000000101011000
0000101111110010
0001101001001001
0001111011110110
0001010110000001
0000011101111101
0000000111001110
0000100001011001
0001010111010101
0001111101010011
0001101010000001
0000101011000110
0000000001011011
0000010101001111
0001001111101101
0001111010010100
0001101110100111
0000111001011100
0000001100011010
0000001101001000
0000111010010000
0001110000011110
0001111011111101
0001001011110000
0000001111101101
0000000100111001
0000110001011110
0001101001010000
0001111010100101
0001010110100011
0000011111100000
0000000110101001
0000011111100011
0001010111010011
0001111110101101
0001101010001000
0000101010101110
0000000010011011
0000010101011101
0001001101001101
0001111000111111
0001110000101011
0000111011001011
0000001011101000
0000001100010000
0000111010111000
0001110001001111
0001111011100110
0001001010110011
0000001111100111
0000000100111111
0000110000010111
0001101001001001
0001111101000111
0001011000010100
0000011101101111
0000000100010110
0000011111110001
0001011000011111
0001111110110111
0001101001111101
0000101010100100
0000000001101001
0000010101001000
0001001110001101
0001111001100110
0001110000000010
0000111011001001
0000001100011000
0000001011111101
0000111010001000
0001110000110111
0001111100010001
0001001100101000
0000001111111001
0000000011010100
0000101111111010
0001101001001111
0001111100000000
0001011000000101
0000011111001111
0000000101011110
0000011111010011
0001010111110100
0001111110100100
0001101001111001
0000101010111110
0000000010000010
0000010101010001
0001001110011110
0001111001011001
0001101111100011
0000111011000001
0000001100100001
0000001011110101
0000111000110010
0001110000000111
0001111100011101
0001001100011011
0000010001000111
0000000101011101
0000101111011111
0001100111010111
0001111011110010
0001011001100100
0000100000001010
0000000011111011
0000011101011111
0001011000010000
0010000000000000
0001101001111011
0000101001111111
0000000010010100
0000010101111110
0001001101010110
0001111000011101
0001110001000101
0000111100110000
0000001011011001
0000001001101000
0000111001110101
0001110010011111
0001111011101101
0001001010011010
0000010001000011
0000000110001110
0000101111010000
0001100110101010
0001111011111110
0001011010000100
0000100000000011
0000000011111111
0000011110100110
0001011001000000
0001111110011101
0001101000000010
0000101010111011
0000000100100011
0000010101101101
0001001010110110
0001110111011110
0001110010111100
0000111110000100
0000001010111011
0000001001011100
0000111001110100
0001110001111110
0001111011101001
0001001011010100
0000010001111111
0000000110111111
0000101111000010
0001100100011010
0001111010000011
0001011010110011
0000100001100110
0000000100101110
0000011110110001
0001011001000010
0001111110101010
0001100111011110
0000101010001000
0000000100110111
0000010110100001
0001001011010111
0001110111010000
0001110010001011
0000111110000100
0000001011000001
0000001001001101
0000111010101110
0001110010111010
0001111010100000
0001001001101101
0000010010111110
0000001000110111
0000101110010101
0001100011001111
0001111011011010
0001011100100000
0000100000011001
0000000010000010
0000011110100010
0001011011001000
0001111111001100
0001100110000000
0000101010000011
0000000110100010
0000010110011100
0001001001000100
0001110111010111
0001110101000010
0000111110110000
0000001000110001
0000001000000001
0000111011110011
0001110010111111
0001111001001110
0001001010000101
0000010100110010
0000001000110111
0000101011111011
0001100001101100
0001111101001111
0001011110010101
0000011111010110
0000000000111001
0000011111100000
0001011100001100
0001111110000110
0001100101001011
0000101011010100
0000000111000010
0000010100101100
0001001000010011
0001111001000000
0001110110001110
0000111101010010
0000000111010011
0000001000100010
0000111100100100
0001110011010110
0001111001001110
0001001010000111
0000010101001001
0000001000100011
0000101011010000
0001100001101000
0001111101001000
0001011110101110
0000011111111101
0000000001000010
0000011111101011
0001011011001100
0001111011111111
0001100101000101
0000101101101001
0000001000101111
0000010100011101
0001000110111001
0001110111101100
0001110101110001
0000111101101010
0000001000010110
0000001001101101
0000111100010010
0001110001010100
0001111000011111
0001001011100011
0000010110000111
0000000111001111
0000101001111010
0001100010111110
0001111110100011
0001011101001010
0000011110101010
0000000010011010
0000100000100110
0001011010000001
0001111010101110
0001100101000011
0000101110000010
0000001001010110
0000010101001000
0001000110101000
0001110110110100
0001110101101111
0000111110001001
0000001000000111
0000001001011010
0000111101000101
0001110010001010
0001111000010111
0001001011100010
0000010110010010
0000000110110100
0000101001001101
0001100010101100
0001111111001110
0001011110001001
0000011110110111
0000000001101111
0000011111100110
0001011010001011
0001111100100011
0001100101110101
0000101100101010
0000000111111001
0000010101000110
0001000111101010
0001110111100110
0001110100110101
0000111100011110
0000001000000010
0000001010011100
0000111101000110
0001110001011011
0001111000100110
0001001100110100
0000010110110100
0000000101110111
0000101000010010
0001100010101001
0001111111011111
0001011101111000
0000011110001111
0000000010011001
0000100001011100
0001011010000111
0001111010001100
0001100101000110
0000101110110101
0000001000110011
0000010011010110
0001000111000000
0001111001000001
0001110110001000
0000111100001000
0000000110110010
0000001010011001
0000111101110101
0001110001110001
0001111000001000
0001001011000101
0000010101111111
0000000111100101
0000101001111111
0001100010010010
0001111110010010
0001011101101001
0000011110111100
0000000010101111
0000100001001001
0001011001010000
0001111010010011
0001100110101100
0000101110111001
0000000111100111
0000010111001111
0001010000011011
0001110110000110
0001011011100111
0000100101101111
0000011001110010
0000111011111000
0001010101101000
0001001100111100
0000111101011110
0000111101110110
0000111111000100
0000110110011000
0000110101111001
0001000111110101
0001010011100000
0001000101010100
0000110001111111
0000110011000000
0001000001001001
0001001000100001
0001000101100110
0001000001101100
0000111111101011
0000111011011001
0000111000111100
0000111110111010
0001000111001110
0001000111011110
0000111111110001
0000111001010001
0000111010100111
0001000000000100
0001000011010110
0001000100101110
0001000011111110
0000111110000111
0000110111110101
0000111010100010
0001000100100110
0001001001001111
0001000010101011
0000111010001100
0000111001101110
0000111111010101
0001000100000110
0001000100110100
0001000001101100
0000111100111111
0000111010000101
0000111100010101
0001000010110100
0001000110011110
0001000011100011
0000111101111100
0000111011001110
0000111100100011
0000111111001100
0001000010001010
0001000101010110
0001000100000011
0000111100001111
0000110111100110
0000111101100001
0001000101110001
0001000101100001
0000111111100110
0000111100101111
0000111101111000
0000111110110000
0000111111000011
0001000010000010
0001000101000000
0001000001001001
0000111010000001
0000111010100100
0001000010011100
0001000101111111
0001000001111101
0000111110000111
0000111110011111
0000111110100000
0000111100110110
0000111111011000
0001000101100000
0001000101110000
0000111101011101
0000110111011101
0000111100000011
0001000100011110
0001000101011101
0001000001000000
0000111111011110
0000111111011111
0000111100001111
0000111010111101
0001000001000100
0001000111011001
0001000100001010
0000111011011011
0000111001101100
0001000000001100
0001000011111010
0001000001011011
0000111111110100
0000111111111101
0000111101110110
0000111100001110
0000111111111011
0001000101110000
0001000100110000
0000111100101001
0000111001011101
0000111111011000
0001000011110101
0001000000111111
0000111101101110
0001000000010001
0001000011001011
0000111111010011
0000111011010000
0000111111011101
0001000100101111
0001000001001100
0000111011010000
0000111101100000
0001000011110001
0001000011010101
0000111101100111
0000111101000010
0001000001110011
0001000001100100
0000111100011101
0000111101011001
0001000100001011
0001000101001100
0000111101101110
0000111001001011
0000111110001101
0001000011110000
0001000010011110
0000111111100111
0001000000000000
0001000000011100
0000111101110110
0000111100000010
0001000000000010
0001000100101100
0001000001110111
0000111100111000
0000111110000100
0001000001110011
0001000001011001
0000111110110001
0000111110111110
0001000000110111
0000111111011000
0000111100100000
0000111110111111
0001000100011101
0001000100000101
0000111101100101
0000111010101000
0000111110100001
0001000010001101
0001000001111110
0001000001010011
0001000001010110
0000111111010010
0000111011110011
0000111100011101
0001000010001001
0001000101000011
0001000000101001
0000111011011000
0000111101000001
0001000001110011
0001000010011001
0001000000001001
0000111111011111
0000111111100110
0000111110101100
0000111101110111
0000111111101101
0001000011010011
0001000010011011
0000111101100001
0000111100001110
0000111111110011
0001000001111000
0001000000110101
0001000000001011
0001000000110100
0000111111101000
0000111101001011
0000111101110000
0001000001100010
0001000011110000
0001000001000000
0000111100110111
0000111101010000
0001000000110100
0001000001100110
0000111111110011
0000111111100001
0001000000001000
0000111110111101
0000111110011111
0001000001000000
0001000010101000
0001000000000010
0000111100110000
0000111101110110
0001000001001001
0001000001011011
0000111111110011
0001000000000000
0001000001000000
0000111111101011
0000111101011001
0000111110010111
0001000001010101
0001000001101001
0000111111111000
0000111110101110
0000111110110101
0000111111101111
0001000000011010
0001000000011000
0001000000001000
0000111111010010
0000111110101000
0000111111101000
0001000001010001
0001000000101111
0000111110110111
0000111110110100
0001000000000010
0001000000000111
0000111111101110
0001000000001000
0001000000010100
0000111111110001
0000111110110111
0000111110100011
0000111111110010
0001000001011110
0001000000110000
0000111110110010
0000111110110111
0001000000000111
0001000000000011
0000111111011101
0001000000001100
0001000000100110
0000111111000000
0000111110001110
0001000000010000
0001000001101000
0001000000001100
0000111110101100
0000111111000100
0001000000001000
0001000000000110
0000111111010000
0000111111101001
0001000001010011
0001000000110001
0000111101111111
0000111110001010
0001000001001100
0001000001011010
0000111110101100
0000111110010001
0001000000110111
0001000001110011
0000111111010101
0000111101011110
0000111111100101
0001000001110111
0000111111110000
0000111101100011
0000111111100101
0001000001110000
0001000000001011
0000111110010010
0000111111011001
0001000000011110
0000111111000110
0000111111001000
0001000001101001
0001000001101010
0000111110100010
0000111100111001
0000111111100100
0001000010110001
0001000001000010
0000111101000111
0000111110000100
0001000001101111
0001000000110011
0000111101101011
0000111111010101
0001000010010111
0001000000001110
0000111100011010
0000111101100011
0001000010011001
0001000011011010
0000111111000100
0000111101000010
0001000000001100
0001000001000110
0000111101110011
0000111110000000
0001000010010110
0001000010110101
0000111110000011
0000111011111001
0000111111101011
0001000010111100
0001000000100101
0000111101010100
0000111110111011
0001000001100110
0000111111101001
0000111101000101
0001000000000001
0001000100000001
0001000000100010
0000111010101110
0000111101010111
0001000100000011
0001000011001101
0000111101011011
0000111100101110
0001000000010110
0001000001001101
0000111110111011
0000111111001011
0001000001111000
0001000001001111
0000111101010000
0000111100111100
0001000001000011
0001000010010110
0000111111000011
0000111101100100
0001000000011011
0001000001111001
0000111110111001
0000111100111110
0000111111110010
0001000010011010
0000111111111011
0000111100110000
0000111111001010
0001000011000111
0001000001011001
0000111101000100
0000111101100000
0001000000110110
0001000000101110
0000111110011000
0000111111101011
0001000010001101
0001000000000101
0000111100010100
0000111101101110
0001000010001001
0001000010001101
0000111110011001
0000111101100010
0001000000111101
0001000010001101
0000111111000110
0000111101011010
0000111111101110
0001000000101100
0000111110001100
0000111101101001
0001000001001011
0001000011101011
0001000001000001
0000111100110011
0000111100110010
0001000000000111
0001000001010101
0000111111110111
0000111111000101
0000111111111101
0001000000001101
0000111110100110
0000111110000010
0001000000010011
0001000001001110
