0001000001111000
0000111011101110
0000111100010100
0001000010101111
0001000011110010
0000111110100011
0000111101010101
0001000010001001
0001000010111011
0000111101011001
0000111011111000
0001000001001011
0001000011110100
0000111111111010
0000111101000111
0001000000010010
0001000010111011
0000111111010000
0000111011111100
0000111111101110
0001000011101100
0001000000100111
0000111101001011
0001000000000001
0001000011000001
0000111111110101
0000111100000011
0000111110100011
0001000010110111
0001000001110011
0000111110011000
0000111111010010
0001000010011111
0001000000110111
0000111100010000
0000111101011001
0001000010101010
0001000010111100
0000111110110010
0000111110000100
0001000001011101
0001000001110110
0000111101010011
0000111100001010
0001000001101100
0001000100000010
0000111111010100
0000111101010011
0001000001011101
0001000010101111
0000111101101111
0000111011101001
0001000000101000
0001000011101111
0001000000000100
0000111101101101
0001000001000010
0001000010101011
0000111110010101
0000111011101000
0001000000001101
0001000100100001
0001000000111001
0000111011110001
0000111110101100
0001000100100111
0001000001111100
0000111011000010
0000111100110111
0001000011100011
0001000010111001
0000111101100010
0000111110001011
0001000010111001
0001000001111100
0000111100011010
0000111100011111
0001000010011000
0001000011101100
0000111110101101
0000111101000100
0001000001011011
0001000010111111
0000111110000010
0000111011010111
0001000000110001
0001000101000101
0001000000010001
0000111011110110
0001000000001111
0001000011111101
0000111110111111
0000111010101111
0001000000000100
0001000101010101
0001000000010101
0000111011000001
0000111111110111
0001000101000101
0001000000011110
0000111010100100
0000111101110101
0001000100001011
0001000010010110
0000111100100001
0000111110001111
0001000011111001
0001000001111100
0000111011011010
0000111100100011
0001000011111010
0001000100010010
0000111100110000
0000111011100000
0001000011000100
0001000100110010
0000111100110100
0000111010001110
0001000010011111
0001000110001110
0000111110010111
0000111001101111
0001000000110000
0001000110010010
0001000000011001
0000111001011111
0000111101101001
0001000100101101
0000111110101011
0000110010110100
0000111101110011
0001011101010110
0001100001001000
0000110001001011
0000000110100001
0000011101101001
0001011011110010
0001111011100011
0001100100000101
0000101101000110
0000000100010010
0000010010101111
0001001110011011
0001111101010101
0001110001100100
0000110110010011
0000000100111011
0000001111111010
0001000110111101
0001110001001011
0001110000001100
0001001001101011
0000010110100110
0000000101111001
0000101111110111
0001101100010100
0001111101010110
0001010011111001
0000011000001110
0000000011111001
0000101000110011
0001011110001100
0001110110100100
0001100100101101
0000110010111000
0000000101111001
0000001111000010
0001001010100011
0001111011011110
0001110001111011
0000111011001001
0000001100010111
0000010000011101
0000111101101110
0001101000101100
0001110001110001
0001010010010001
0000011100100101
0000000100011000
0000101010100110
0001101000100100
0001111100100000
0001010101001101
0000011011100001
0000000111010001
0000101000100111
0001011100001011
0001110110101101
0001100100010100
0000101110010100
0000000010100011
0000010011011011
0001010011010001
0001111110101001
0001101100010110
0000110010111000
0000000111110011
0000010010100101
0001000101100100
0001110000011100
0001110001101011
0001001001010110
0000010011010010
0000000100001101
0000110011010101
0001110000101101
0001111100010000
0001001111001101
0000010110100011
0000000101011110
0000101001110001
0001100000010101
0001111010101000
0001100011111111
0000101010110100
0000000000000000
0000010011110100
0001010101000011
0001111111001011
0001101011110101
0000110100101001
0000001010101010
0000010000101100
0000111111110111
0001101111011101
0001110110101101
0001001100011011
0000010010001011
0000000011011101
0000110010101000
0001101101000101
0001111001001110
0001010010010000
0000011101100111
0000001000011111
0000100101011100
0001011001101010
0001111000100101
0001100111010001
0000101110010111
0000000001100111
0000010011111111
0001010001101110
0001111010000001
0001101011011001
0000111001011011
0000001110111000
0000010000100000
0000111100001100
0001101100001101
0001110111000010
0001001111000000
0000010011111000
0000000100010101
0000110011010011
0001101011000001
0001110101001001
0001010001011111
0000100001110100
0000001011110010
0000100011101001
0001010110101111
0001111000010001
0001100111100110
0000101101110111
0000000001111101
0000010110000101
0001010011011001
0001111000101001
0001101001011100
0000111010001010
0000010000001101
0000001111100010
0000111010100001
0001101100101101
0001111000100111
0001001110011001
0000010010001011
0000000100101000
0000110100011011
0001101010010110
0001110100010111
0001010011011000
0000100011011111
0000001001111101
0000100001011101
0001010111111111
0001111010110110
0001100111001100
0000101011010010
0000000010001101
0000011001000100
0001010011100110
0001110101110100
0001101000001110
0000111100000011
0000010001110101
0000001110100001
0000111001011000
0001101101110111
0001111001100111
0001001100101001
0000010000101011
0000000110001010
0000110110010111
0001101001101100
0001110010010100
0001010010110000
0000100100110011
0000001010110000
0000100000100001
0001010111100110
0001111011111111
0001100111101100
0000101001101001
0000000000101000
0000011010010000
0001010101010111
0001110101000110
0001100111000111
0000111100110011
0000010010000001
0000001101011100
0000111010000110
0001101111100011
0001111000100110
0001001010010001
0000010000111100
0000001001000100
0000111000000000
0001100111111101
0001110000010101
0001010011001010
0000100101010001
0000001010010001
0000100001000010
0001011000110000
0001111011110011
0001100101100111
0000101000010000
0000000010100111
0000011100111000
0001010100010010
0001110010100001
0001100111110001
0000111110100001
0000010000100011
0000001011001011
0000111011101010
0001110010101110
0001111000000111
0001000111000011
0000010000010100
0000001011001110
0000111000100000
0001100110001111
0001101111111101
0001010101000000
0000100101010111
0000000111110101
0000100001001100
0001011100001100
0001111100100101
0001100010110101
0000100111000010
0000000100000001
0000011101010111
0001010011001011
0001110010100110
0001101001001100
0000111110010001
0000001110010011
0000001010110101
0000111110011111
0001110100000010
0001110101010111
0001000101101000
0000010011010100
0000001100101110
0000110100100110
0001100011001010
0001110010101011
0001011000001011
0000100011101100
0000000100111110
0000100010100010
0001011111011110
0001111011010111
0001011110001011
0000100111101010
0000001001101011
0000011101111111
0001001110011100
0001110001101100
0001101100110010
0000111111001011
0000001011110011
0000001010010111
0001000000000110
0001110011100110
0001110011110100
0001000110001011
0000010101000101
0000001101000000
0000110010111111
0001100010001110
0001110100011011
0001011010001101
0000100010111110
0000000011010110
0000100011011000
0001100000100011
0001111001010011
0001011011111100
0000101000101011
0000001011011110
0000011110000110
0001001110000101
0001110010000100
0001101100110011
0000111101100100
0000001010011100
0000001011010000
0001000010001100
0001110100000001
0001110001101111
0001000101010100
0000010111000010
0000001101010100
0000110000111101
0001100010000110
0001110110000001
0001011010001011
0000100001110111
0000000011101110
0000100100010000
0001011111110001
0001110111111111
0001011100011101
0000101011000001
0000001100110110
0000011100010010
0001001100000111
0001110010111000
0001101101010110
0000111011101000
0000001001111101
0000001110011110
0001000100001000
0001110001001010
0001101111000101
0001000111000011
0000011001100011
0000001100101101
0000101110011101
0001100001100100
0001110111110011
0001011010100001
0000100000011110
0000000100011111
0000100110011101
0001011111001100
0001110101011110
0001011100000011
0000101101000010
0000001101110111
0000011011001001
0001001010101111
0001110010101101
0001101110011010
0000111100110010
0000001010000001
0000001101111110
0001000011111101
0001110000100010
0001101110001111
0001000111101000
0000011011001001
0000001101001011
0000101101110001
0001100001001001
0001110111011010
0001011001110101
0000100001000101
0000000101111110
0000100110010111
0001011101001000
0001110011101110
0001011100111111
0000101111010011
0000001110011100
0000011010000100
0001001010001010
0001110010101101
0001101101110110
0000111100011110
0000001011010011
0000001111010010
0001000011010100
0001101111010110
0001101101111110
0001001000010001
0000011100000001
0000001101000111
0000101100001110
0001100000000001
0001111000100111
0001011011001011
0000100000010111
0000000101111000
0000100111110111
0001011100101110
0001110001100101
0001011100101100
0000110001010100
0000001111100100
0000011000010111
0001001000010011
0001110011101011
0001101111110000
0000111011111010
0000001001100010
0000001111011011
0001000100100000
0001101111000101
0001101101001110
0001001000100111
0000011100100100
0000001100100000
0000101011011110
0001100001000110
0001111001101011
0001011010000110
0000011111000010
0000000101110110
0000101000110010
0001011101111110
0001110001101110
0001011011111100
0000110001001000
0000001111010111
0000011000000110
0001001000110101
0001110100010000
0001101111001001
0000111010110100
0000001001100101
0000010000101000
0001000101000010
0001101101111101
0001101100010100
0001001001101001
0000011101010011
0000001011011010
0000101011001100
0001100010010101
0001111010010001
0001011001100000
0000011110101010
0000000110110111
0000101001010010
0001011011110111
0001101111111000
0001011101001011
0000110010111111
0000001111010101
0000010111000100
0001001000111010
0001110101001111
0001101110101001
0000111001011100
0000001010010110
0000010010101100
0001000100100100
0001101011100110
0001101100011001
0001001011110001
0000011101000010
0000001001010011
0000101011011010
0001100100011000
0001111010010000
0001010111001101
0000011101101100
0000001000100011
0000101010111110
0001011010110011
0001101101101011
0001011101101000
0000110101001010
0000001111000011
0000010101001010
0001001001001110
0001110110101000
0001101101111011
0000111000001100
0000001011110010
0000010100011011
0001000011001010
0001101001111110
0001101101001110
0001001100011111
0000011100010100
0000001001001010
0000101100110000
0001100100111011
0001110111101001
0001010101011001
0000100001011000
0000001100010100
0000100111110010
0001010101011100
0001101110111110
0001100010011100
0000110100101111
0000001011011001
0000010110000101
0001001100110111
0001110101101011
0001101001110101
0000111000000010
0000001111000110
0000010101001110
0001000001001001
0001101000111110
0001101110100000
0001001101010100
0000011011111111
0000001100001010
0000110101101000
0001100110001100
0001011111111010
0000110101001100
0000101001000110
0001000011011100
0001010000000001
0000111100001111
0000101110110100
0000111101111100
0001001110001001
0001000111010110
0000111010011000
0000111011101110
0001000001100010
0000111110100100
0000111100001001
0001000011011001
0001001000011001
0000111111100101
0000110101011100
0000111010100010
0001000111001000
0001001000111011
0000111111110110
0000111001100000
0000111010111101
0000111110100000
0001000000100011
0001000011100101
0001000110011111
0001000011000000
0000111001111001
0000110110010101
0000111101100010
0001000101110111
0001000101011111
0001000000110000
0000111111110010
0000111111100011
0000111011100111
0000111010011101
0001000001001100
0001000111001101
0001000011110011
0000111100110010
0000111100000010
0001000000001010
0001000001101101
0000111111100010
0000111110100100
0000111111111010
0000111111010101
0000111101110000
0001000001010010
0001000110001011
0001000010000111
0000111000101100
0000110111111001
0001000001000110
0001000111111011
0001000101100000
0000111111001111
0000111011100010
0000111010100111
0000111100101101
0001000010111001
0001000111101111
0001000011110001
0000111010000110
0000110110101000
0000111110011101
0001000111101001
0001000110111011
0000111111110001
0000111011010010
0000111010010001
0000111011001101
0001000000100100
0001001000100111
0001001001100110
0000111111010001
0000110100100001
0000110101111111
0001000000111001
0001001000010101
0001000110100010
0001000001001001
0000111101000110
0000111001100001
0000111001001111
0001000000111001
0001001001011101
0001000110000001
0000111010111101
0000111000001011
0000111111010110
0001000100001000
0001000001101101
0000111111010110
0001000000111000
0000111111111110
0000111010111111
0000111011101101
0001000100100001
0001001000110100
0001000000110101
0000110111101100
0000111010000011
0001000010000100
0001000011100001
0001000001000000
0001000010000100
0001000010010100
0000111100010001
0000111000000001
0000111110001100
0001000110101100
0001000101000111
0000111101101100
0000111100100000
0001000000001110
0000111111101111
0000111101010101
0001000000101110
0001000100111101
0001000000100011
0000111001011100
0000111100010011
0001000101000101
0001000101010011
0000111101100111
0000111011001110
0000111111100001
0001000000100101
0000111101110010
0000111111111100
0001000101110100
0001000011110111
0000111010011010
0000110111111010
0001000000011011
0001000110100011
0001000010001110
0000111100110000
0000111110110000
0001000001011111
0000111110000010
0000111100011010
0001000010100001
0001000110001001
0000111111010100
0000111000001001
0000111100100011
0001000101011000
0001000100000110
0000111100111100
0000111101110100
0001000010011111
0000111110111101
0000111001101000
0000111111100001
0001001000100100
0001000100100101
0000111001001101
0000111000011010
0001000001011001
0001000100101001
0000111111110111
0000111110110101
0001000010011111
0001000000011101
0000111010000011
0000111011101001
0001000100111111
0001000111001110
0000111110000011
0000111000010101
0000111110101110
0001000100011110
0001000000011001
0000111101001110
0001000010000100
0001000011100000
0000111011100101
0000111000011101
0001000010001010
0001001001010000
0001000001110100
0000111000010100
0000111011010101
0001000011001111
0001000001110100
0000111100111001
0001000000111110
0001000101111110
0000111111011010
0000110111011011
0000111100111001
0001000110110001
0001000100011011
0000111100000101
0000111100011000
0001000001110011
0001000000110010
0000111100100110
0000111111011001
0001000101001001
0001000001110101
0000111001011111
0000111010101110
0001000100010100
0001000111001000
0000111111000011
0000111001001010
0000111101101110
0001000011011000
0001000000111111
0000111101100101
0001000000111011
0001000011101110
0000111110010101
0000111001010011
0000111110011001
0001000101100011
0001000011010110
0000111100101110
0000111100100111
0001000001001110
0001000001011000
0000111101110011
0000111111000101
0001000011010000
0001000000100100
0000111010011011
0000111100101111
0001000100111001
0001000101100010
0000111101110000
0000111001110100
0000111110100001
0001000010110100
0001000000101110
0000111110101001
0001000001101100
0001000010101011
0000111100110000
0000111001011100
0000111111110011
0001000110001101
0001000011000001
0000111100001110
0000111100001111
0001000000101110
0001000001011100
0000111111001101
0000111111110011
0001000001100000
0000111111001000
0000111011110100
0000111110101000
0001000100011101
0001000011101110
0000111101010101
0000111011010010
0000111111100011
0001000001100110
0000111110111111
0000111111010011
0001000011110011
0001000011000111
0000111011000101
0000110111110000
0001000000001000
0001001000000010
0001000011100110
0000111011011010
0000111100000110
0001000001000111
0001000000101111
0000111110000011
0001000000010111
0001000010111110
0000111110101011
0000111010001101
0000111110110110
0001000110000010
0001000011111010
0000111011101110
0000111010010011
0001000000000110
0001000010000000
0000111111001000
0001000000011111
0001000100100011
0001000001001101
0000111000111111
0000111001011001
0001000011001110
0001000111100000
0001000000011111
0000111010100101
0000111110000000
0001000001110010
0000111111010100
0000111110000000
0001000010000000
0001000011010011
0000111101101111
0000111010010000
0000111111011111
0001000101101011
0001000010101001
0000111011100100
0000111011111010
0001000000111100
0001000000111110
0000111110111000
0001000001100011
0001000011110111
0000111110100000
0000111000001100
0000111100010101
0001000101101111
0001000101101101
0000111101110100
0000111011110111
0001000000100101
0001000001010100
0000111100111100
0000111101001110
0001000011010100
0001000100100010
0000111101101000
0000111010000110
0000111111111000
0001000100101110
0001000000100010
0000111011011101
0000111110000110
0001000010001110
0001000000001110
0000111101100110
0001000001000100
0001000100000100
0000111111001111
0000111001011101
0000111100100101
0001000100000011
0001000100011101
0000111110110011
0000111101001001
0000111111111100
0000111111100000
0000111100111001
0000111111010011
0001000100100111
0001000011001000
0000111011101101
0000111010011011
0001000001001010
0001000100000101
0000111111100110
0000111101000110
0000111111111011
0001000000111001
0000111101101001
0000111101101101
0001000011001000
0001000100001101
0000111101001010
0000111001001111
0000111111001010
0001000100110010
0001000001101001
0000111101010010
0000111111110000
0001000001110001
0000111100111101
0000111010100011
0001000001100000
0001000111000001
0001000001100111
0000111010000001
0000111011111101
0001000010111101
0001000010111011
0000111101110101
0000111101110111
0001000001000110
0000111111010111
0000111100010010
0001000000000110
0001000110000010
0001000010110011
