0000111101100011
0001000000001011
0001000010010011
0001000000011011
0000111110011010
0000111111110010
0001000001001100
0001000000010101
0000111111010111
0000111111011110
0001000000010111
0001000000011101
0000111111101110
0000111111101100
0001000000001100
0001000000101111
0001000000010000
0000111110111001
0000111111111010
0001000001101100
0000111111111001
0000111101111110
0001000000100100
0001000010110000
0000111111100100
0000111100110011
0000111111111111
0001000010111110
0001000000001100
0000111101001000
0000111111011001
0001000011000101
0001000001010111
0000111100111111
0000111110000001
0001000010011010
0001000001111110
0000111110000110
0000111110001010
0001000001110100
0001000010001011
0000111110101010
0000111101111110
0001000000111001
0001000001101010
0000111111011001
0000111110010101
0001000000100101
0001000010001101
0000111111101010
0000111101010010
0000111111111001
0001000010111010
0001000000101000
0000111101001101
0000111111001111
0001000010111110
0001000000111001
0000111101001111
0000111111010110
0001000010101010
0001000000100011
0000111101000101
0000111110111101
0001000011001010
0001000001111000
0000111101000101
0000111101101011
0001000010010011
0001000010000010
0000111101101011
0000111101110110
0001000010011011
0001000010101000
0000111101111001
0000111101010100
0001000001111110
0001000010110101
0000111110000000
0000111100100111
0001000001100100
0001000011110001
0000111111011110
0000111100110000
0001000000010101
0001000010111011
0000111111001000
0000111100011100
0001000000101000
0001000011111111
0001000000011000
0000111100101011
0000111111001101
0001000010111100
0001000000111110
0000111101001011
0000111111001011
0001000010101111
0001000000011000
0000111100111101
0000111111100000
0001000011000010
0001000001000010
0000111101100000
0000111110011110
0001000001111110
0001000001100010
0000111101110011
0000111110011110
0001000010111110
0001000001110100
0000111101000100
0000111110001100
0001000010010100
0001000001100010
0000111110001001
0000111110101011
0001000001110110
0001000001100110
0000111110010000
0000111101100010
0001000000100101
0001000010100110
0001000000010101
0000111101101101
0000111111011110
0001000001111000
0000111110011011
0000110111010011
0000111001100100
0001001101110110
0001011110110000
0001001001011111
0000011100111010
0000010100101111
0000111110110010
0001100111111111
0001101000110111
0001000110111011
0000011101001101
0000010001110101
0000110011100101
0001011111010011
0001101100100000
0001010011101010
0000100110111000
0000001110011101
0000100110100001
0001010101111000
0001101110111010
0001011110110011
0000110001110000
0000001110110101
0000011100110001
0001001100111001
0001101011101110
0001100010100010
0000111110010111
0000011001010001
0000010101010100
0000111001111110
0001100100001111
0001101101011100
0001001100101011
0000011101011100
0000010000000011
0000110010110010
0001011101011010
0001101000111110
0001010011101110
0000101101000100
0000010010101111
0000100011010110
0001010000100100
0001101100111100
0001100000010110
0000110100111000
0000010001001111
0000011100001011
0001001001100101
0001101001111101
0001100100010001
0001000000010001
0000011000110100
0000010100011100
0000111011010000
0001100110010000
0001101101100100
0001001010001000
0000011001000110
0000001101111110
0000110110001101
0001100010111100
0001101100000111
0001010010110011
0000100111101111
0000001100111101
0000100011000110
0001010111000000
0001110100011111
0001100001101001
0000101110101010
0000001010000110
0000011010010110
0001001100011001
0001101110010101
0001101000011010
0001000001100111
0000010100101000
0000001101010111
0000111000100110
0001101010010110
0001110011000001
0001001101010110
0000011010000101
0000001010101011
0000101111010111
0001100000000001
0001110000111011
0001011001011011
0000101010000010
0000001010100000
0000011101101100
0001010010010000
0001110100111100
0001100111111010
0000110100110011
0000001001000101
0000010100000010
0001001000111010
0001110000101011
0001101100111010
0001000011001010
0000010010011101
0000001011100000
0000111000001010
0001101001110001
0001110011110011
0001010000110011
0000011100010011
0000000111101011
0000101011000000
0001100000000000
0001110011111111
0001011011111011
0000101010011101
0000001000110000
0000011100001100
0001010010001110
0001110101100110
0001101000101111
0000110100111110
0000001000000011
0000010010110000
0001001001001010
0001110001110001
0001101101010001
0001000100001100
0000010011101111
0000001010000010
0000110110001100
0001101001111100
0001110100110000
0001010001010000
0000011011110100
0000000110110110
0000101010111100
0001100000110001
0001110100101001
0001011011100001
0000101001101101
0000001000001110
0000011100000100
0001010011100111
0001110111011100
0001101001010110
0000110100010111
0000000110010101
0000010001101001
0001001010000101
0001110011010101
0001101101011101
0001000010100010
0000010010101001
0000001010110101
0000110110001110
0001101001110011
0001110111001111
0001010011000100
0000011001000001
0000000100000000
0000101100001011
0001100010110100
0001110101010110
0001011011011110
0000101000010011
0000000110110110
0000011100101100
0001010100101100
0001110111011000
0001101000011000
0000110011110111
0000000111010001
0000010011000000
0001001001110010
0001110001111101
0001101101110110
0001000011101011
0000010010100001
0000001010010110
0000110110001000
0001101010100101
0001110111101110
0001010001001101
0000011000001011
0000000101110110
0000101100111010
0001100001100111
0001110100011000
0001011100011110
0000101010000100
0000000110100110
0000011011000010
0001010100100100
0001111000111100
0001101000101100
0000110010100000
0000000111001011
0000010011000111
0001001001000110
0001110010100000
0001101110011110
0001000011100010
0000010001101111
0000001001001011
0000110111000111
0001101100010111
0001110111010010
0001010000001001
0000010111110111
0000000110001001
0000101101000010
0001100001011010
0001110101001111
0001011101001000
0000101000111101
0000000101011011
0000011011011101
0001010110001110
0001111001001110
0001100111001100
0000110001011010
0000000111001101
0000010100100010
0001001010000011
0001110001101101
0001101110010101
0001000011011010
0000001111111011
0000001000001000
0000111000101011
0001101111001011
0001110111110111
0001001110001000
0000010110110010
0000000110011001
0000101101000100
0001100001011111
0001110110000000
0001011110010101
0000101000101111
0000000011101000
0000011010001000
0001010110010000
0001111010000100
0001100111010100
0000110001100001
0000001000110100
0000010100101000
0001000111110000
0001110001011111
0001110000111110
0001000101010100
0000001110010100
0000000101011000
0000111000111010
0001110000101111
0001110111100110
0001001101110100
0000011000000111
0000000110111011
0000101011000111
0001011111100111
0001110111100000
0001100001000001
0000101000010110
0000000001001011
0000011010011011
0001011000100001
0001111001111010
0001100101111001
0000110001111011
0000001001001111
0000010011010111
0001000110111000
0001110010010010
0001110010100101
0001000101001010
0000001100011111
0000000101100101
0000111010101100
0001110000001110
0001110101110101
0001001101011010
0000011001001001
0000000111111110
0000101001111100
0001011110010010
0001111000110101
0001100010000110
0000100110110101
0000000000000000
0000011011110111
0001011010011001
0001111001100101
0001100101000101
0000110010001101
0000001001101001
0000010011010110
0001000110011000
0001110010100011
0001110010111100
0001000011111000
0000001100000010
0000000110101100
0000111010111111
0001110000000010
0001110101001110
0001001101011101
0000011010010100
0000000111011100
0000101001100000
0001100000010100
0001111001111010
0001100000001000
0000100100011001
0000000000010010
0000011101110101
0001011010100011
0001111000000000
0001100100011000
0000110011101100
0000001010100111
0000010001010100
0001000101011001
0001110100011010
0001110011110111
0001000010100110
0000001010100110
0000001000000000
0000111101100010
0001101110010100
0001110010011011
0001001111101010
0000011100100110
0000000100111000
0000100110111000
0001100010010111
0001111100110111
0001011110111110
0000100001111011
0000000001100000
0000100000010110
0001011001001100
0001110101011100
0001100101011111
0000110101011111
0000001001011001
0000010000000000
0001000110010011
0001110101011110
0001110011001001
0001000001000111
0000001011100010
0000001010010000
0000111101001001
0001101100101011
0001110010010011
0001001111100111
0000011100011110
0000000101111101
0000100111101111
0001100001110100
0001111011000100
0001011101010000
0000100010101101
0000000011101011
0000100000111011
0001011000100000
0001110100101111
0001100101000000
0000110101100001
0000001001101111
0000010000100101
0001000110111101
0001110101010111
0001110010000100
0001000000100101
0000001100001101
0000001010010100
0000111100001011
0001101100010001
0001110011010110
0001010001100011
0000011100100111
0000000011110010
0000100111001010
0001100011010000
0001111011011000
0001011100000110
0000100010011010
0000000101001011
0000100001011110
0001010110110011
0001110011011110
0001100101100000
0000110110111100
0000001010001101
0000001111111001
0001000111101100
0001110110001101
0001110000101101
0000111111100000
0000001101000101
0000001011101011
0000111100100110
0001101011101111
0001110010001100
0001010000001011
0000011100110110
0000000100111001
0000100111000010
0001100011001100
0001111011011101
0001011011101011
0000100010111010
0000000101011101
0000100001000100
0001010111000100
0001110011100001
0001100101000110
0000110110011101
0000001010010101
0000010000101111
0001000111110000
0001110110000111
0001110000010001
0000111101101001
0000001100111100
0000001101111000
0000111100100011
0001101001111110
0001110010100010
0001010001101000
0000011100100001
0000000100000111
0000100111101000
0001100011001011
0001111010010011
0001011011101100
0000100100010100
0000000110010100
0000100000000001
0001010101000101
0001110011101000
0001100111001110
0000110110111011
0000001001000101
0000010001000001
0001001000110011
0001110100111000
0001101110101110
0000111111001101
0000001111000101
0000001100110010
0000111010001001
0001101010000001
0001110100101100
0001010010001110
0000011010011101
0000000011100011
0000101001110100
0001100011101000
0001111000110001
0001011011011110
0000100101000111
0000000110011001
0000011111011000
0001010101010110
0001110100110001
0001100110100000
0000110101011111
0000001001001011
0000010001011000
0001001001010010
0001110101011110
0001101110001000
0000111110011100
0000001111011011
0000001101001111
0000111010000001
0001101001111010
0001110100101001
0001010001010010
0000011001110011
0000000100101110
0000101011011100
0001100011010101
0001110110100100
0001011011000010
0000100111100000
0000000111000101
0000011101001010
0001010100001111
0001110110001111
0001100111100100
0000110011111110
0000001010000101
0000011001101010
0001001111110001
0001100111111001
0001001111000111
0000110101000010
0000110100111001
0000111001010101
0000111000000011
0001000000001111
0001001111001001
0001001110000011
0000111010101011
0000101110110001
0000111000101011
0001000111011010
0001001010010110
0001000101101011
0001000000101111
0000111010111000
0000110101110110
0000111010110100
0001001000101010
0001001110000110
0001000011010011
0000110110000100
0000110100110010
0000111110001000
0001001000000100
0001001011001011
0001000100101010
0000111000111110
0000110011110001
0000111011010111
0001000111111110
0001001100010000
0001000100011111
0000111001101101
0000110101011010
0000111001110100
0001000100001101
0001001100100101
0001001001100000
0000111100001111
0000110011000010
0000111000010000
0001000100001101
0001001010001101
0001001000000101
0001000000000101
0000110110101100
0000110101101000
0000111111000011
0001001001100011
0001001100000101
0001000011010101
0000110110110101
0000110011111111
0000111100101010
0001000110011010
0001001010000010
0001000110101001
0000111110001000
0000110110100100
0000110111010000
0001000000001010
0001001001000110
0001001001100011
0001000000101110
0000111000000110
0000111000001011
0000111110101101
0001000101001100
0001000111000101
0001000011001110
0000111100011011
0000111001000100
0000111101110010
0001000100111000
0001000101011000
0001000000110001
0000111100110011
0000111011101010
0000111110101001
0001000010111111
0001000100100010
0001000010011010
0000111110000010
0000111011001110
0000111101010011
0001000010100010
0001000100110011
0001000001101000
0000111101100011
0000111100110111
0000111110101010
0001000001001001
0001000010111001
0001000010101001
0000111111101110
0000111100010010
0000111101110110
0001000010101100
0001000011010000
0001000000000010
0000111110001111
0000111110100101
0000111111100111
0001000000010110
0001000001011001
0001000010010010
0001000000100110
0000111101011100
0000111100110001
0001000000101001
0001000100100101
0001000010001101
0000111101100010
0000111101110011
0000111111111000
0000111111100000
0000111111111011
0001000010111010
0001000010111000
0000111101111101
0000111100000010
0001000000011011
0001000100011011
0001000001110100
0000111100111100
0000111101111101
0001000001001101
0001000000001001
0000111111011011
0001000010001001
0001000010101111
0000111110110011
0000111011001110
0000111110001001
0001000100001100
0001000011111010
0000111111000000
0000111101111001
0000111111111111
0000111111110110
0000111110100100
0001000000100010
0001000011100100
0001000001010001
0000111100011111
0000111101001011
0001000001111010
0001000011011011
0001000000011001
0000111110000101
0000111111001011
0000111111101010
0000111110101100
0001000000010100
0001000011010001
0001000010010011
0000111101110010
0000111011111100
0000111111100010
0001000011100010
0001000010100001
0000111111010011
0000111110101111
0000111111100001
0000111110101101
0000111111010011
0001000010100110
0001000011010011
0000111111100000
0000111100010011
0000111101111010
0001000001110001
0001000010010001
0000111111111101
0000111111110011
0001000000101010
0000111110111000
0000111101001100
0001000000010001
0001000100100001
0001000010010001
0000111100100110
0000111100101111
0001000000110011
0001000010000011
0001000000111100
0001000000100001
0001000000000100
0000111110010001
0000111101010101
0001000000001000
0001000011111001
0001000010110011
0000111101111011
0000111100101010
0001000000000010
0001000001010100
0000111111111110
0001000000100100
0001000001110011
0000111111111000
0000111100110101
0000111110010110
0001000010111011
0001000010111011
0000111110110101
0000111101100100
0000111111101011
0001000000111011
0001000000000011
0000111111110011
0001000001011011
0001000001000110
0000111110000110
0000111101011111
0001000001000001
0001000011000000
0001000000001000
0000111110000100
0000111111111111
0001000000111101
0000111111001111
0000111110111110
0001000000111101
0001000001110001
0000111111011010
0000111101011110
0000111111110100
0001000010100111
0001000000111100
0000111101111000
0000111110111010
0001000001100010
0001000000001110
0000111110010111
0001000001000100
0001000011000000
0000111111000101
0000111100000010
0000111111100010
0001000011010101
0001000001001100
0000111110000000
0000111111010001
0001000001001101
0000111111110110
0000111110100111
0001000000101011
0001000010001100
0000111111100010
0000111100101010
0000111110110100
0001000011001000
0001000010111010
0000111110011011
0000111101010101
0001000001000100
0001000001010110
0000111101110110
0000111111011110
0001000011011100
0001000001001010
0000111100100001
0000111101000100
0001000001011011
0001000011100011
0001000000111111
0000111101111110
0000111110100111
0001000000001110
0000111111111100
0000111111100110
0001000000110000
0001000001001001
0000111111101000
0000111110010100
0000111111011011
0001000001101111
0001000001010110
0000111110101000
0000111110010001
0001000000001111
0001000000101000
0000111111111110
0001000000101011
0001000001010101
0000111111010101
0000111101101110
0000111111100111
0001000001100000
0001000001001011
0001000000001111
0000111110101110
0000111110001101
0001000000011011
0001000001111011
0001000000010011
0000111110011010
0000111111011000
0001000000110111
0000111111101000
0000111110110010
0001000001000111
0001000010000001
0000111111010000
0000111101011100
0000111111011001
0001000001111011
0001000001001010
0000111110111010
0000111111000111
0001000000101001
0000111111111001
0000111110010001
0000111111110100
0001000010011000
0001000001001101
0000111110000110
0000111101110010
0001000000001011
0001000001101111
0001000000001001
0000111110001010
0000111111101100
0001000001110000
0001000000000010
0000111110010111
0001000000101011
0001000010010000
0000111111010111
0000111100110110
0000111111001000
0001000010010001
0001000001001111
0000111110010111
0000111111010111
0001000001111111
0000111111011111
0000111100010001
0001000000010111
0001000100101100
0001000000001111
0000111011001101
0000111110111101
0001000100010110
0001000001001010
0000111100000111
0000111110111000
0001000010101000
0001000000001110
0000111101011000
0000111111011111
0001000011001000
0001000010001001
0000111101001100
0000111100011010
0001000001110100
0001000011111011
0000111110101001
0000111100011111
0001000001001100
0001000001110001
0000111100111101
0000111101011010
0001000011001011
0001000011101011
0000111101110101
0000111100000110
0001000000111111
0001000011010110
0000111111101110
0000111100110100
0000111111110010
0001000011001101
0000111111101111
0000111011111000
0001000000000111
0001000100100111
0001000000100011
0000111011000000
0000111101110010
0001000011110110
0001000010010100
0000111100110011
0000111110010011
0001000010111111
0001000000100000
0000111011110011
0000111111000101
0001000100011001
0001000001001000
0000111011010110
