0001000100010010
0001000000000100
0000111100001110
0001000000000011
0001000011011010
0000111111011000
0000111011111110
0001000000000110
0001000100000100
0001000000100111
0000111100011110
0000111111000001
0001000011000110
0001000001000110
0000111100111101
0000111110000011
0001000010010001
0001000010010110
0000111110111000
0000111110010100
0001000000101110
0001000000110010
0000111110010011
0000111110100010
0001000001101010
0001000010000111
0000111110111101
0000111110001110
0001000001010010
0001000001110010
0000111101101110
0000111100111111
0001000010011000
0001000100001001
0000111110100111
0000111100000011
0001000000010110
0001000011000110
0000111111110000
0000111100110001
0000111111111110
0001000011101110
0001000000111111
0000111100110110
0000111110100010
0001000010010001
0001000001000100
0000111101001011
0000111110001101
0001000010110101
0001000010001101
0000111101011100
0000111110001010
0001000010110100
0001000001111000
0000111100111110
0000111101100100
0001000010101010
0001000010101111
0000111101101000
0000111100111011
0001000010010111
0001000011100001
0000111101101011
0000111011101000
0001000001100101
0001000100101111
0000111111011111
0000111011100011
0000111111110101
0001000011110001
0000111111111100
0000111100100010
0001000000000110
0001000011001111
0001000000001110
0000111101100011
0000111111101110
0001000001011110
0000111111010110
0000111101110101
0001000000011111
0001000011001010
0001000000101100
0000111100110111
0000111110110111
0001000010110101
0001000000110100
0000111101000000
0000111110110111
0001000010101011
0001000001100010
0000111110010010
0000111110101010
0001000001010000
0001000000110111
0000111110000100
0000111110010101
0001000001110011
0001000010010010
0000111110101010
0000111101100100
0001000000110011
0001000010000010
0000111111000001
0000111101111111
0001000001001000
0001000010001100
0000111111000001
0000111101011001
0001000000001001
0001000010000101
0001000000000001
0000111110001011
0001000000000110
0001000010010100
0001000000100101
0000111101110110
0000111110100000
0001000001000000
0001000000111110
0000111110111110
0000111111010111
0001000001111001
0001000001110110
0000111110111000
0000111101100001
0000111111001000
0000111111000001
0000111000110101
0000110110111011
0001001010100010
0001100101000010
0001010110111001
0000011100101001
0000000000100010
0000101111101111
0001110001111010
0001111110100101
0001010000010001
0000010100111111
0000000100000000
0000101011100111
0001100010111110
0001111010011011
0001011111100101
0000100011110101
0000000000000000
0000011110001001
0001011011111110
0001111010101011
0001100110101100
0000110010000100
0000000110010000
0000010001101000
0001001011010110
0001110111101000
0001110000110101
0001000000000001
0000001100110010
0000001010010001
0000111100100100
0001101110011100
0001110101000110
0001010000010000
0000011010110011
0000000101011101
0000101010011101
0001100011001110
0001110111101110
0001011010111100
0000100111000111
0000001001101011
0000100000100101
0001010010101001
0001110001001111
0001101000000011
0000111010011011
0000001011101100
0000010000100000
0001000110110010
0001110100001011
0001101111101111
0001000000001101
0000010000000011
0000001111100001
0000111100111010
0001101000000101
0001110000010011
0001010010010100
0000011110011100
0000000101111010
0000101010010000
0001100100010100
0001111000011011
0001011010000100
0000100100100001
0000000111101111
0000100010001001
0001010110001111
0001110010000110
0001100101011011
0000111000011110
0000001011101111
0000010001001111
0001001000001100
0001110101000110
0001101110100010
0000111110111001
0000010000001100
0000001111101100
0000111100100001
0001101000100010
0001110001000111
0001010001111000
0000011110000110
0000000111011010
0000101100000001
0001100011101000
0001110101001000
0001010110110111
0000100101011001
0000001100001011
0000100100011001
0001010100010110
0001110000110010
0001100101110100
0000110110100110
0000001001111000
0000010100000111
0001001100001000
0001110100000111
0001101010101001
0000111101001000
0000010001100011
0000010001110101
0000111101101100
0001101001010001
0001110001000100
0001001111010000
0000011010010000
0000000111000010
0000101111010011
0001100110000001
0001110100101111
0001010101111110
0000100101000001
0000001010111111
0000100011000110
0001010101101110
0001110011110100
0001100110001011
0000110100001001
0000001000011111
0000010101100001
0001001101011000
0001110010110011
0001101001001110
0000111110110001
0000010011010101
0000010000001010
0000111011100110
0001101001110001
0001110010011010
0001001111101100
0000011001101111
0000000101110111
0000101110101101
0001100110110100
0001110110001111
0001010110011110
0000100011111100
0000001001100000
0000100010011001
0001010110100111
0001110101101101
0001100110100000
0000110010011110
0000000111100000
0000010101111111
0001001101111011
0001110011111101
0001101010111110
0000111110000000
0000010000100101
0000001111011001
0000111101000111
0001101011101001
0001110011100010
0001001101111110
0000010110100100
0000000110011110
0000110010011111
0001100111111100
0001110100100011
0001010110000101
0000100011100111
0000000111010010
0000100010010101
0001011010100001
0001110111111111
0001100011111000
0000101110001111
0000000101111111
0000011000010001
0001010001001100
0001110100001010
0001101000011101
0000111101000000
0000010001001100
0000001110111001
0000111101010101
0001101110010111
0001110100001100
0001001010100011
0000010100010100
0000001000001111
0000110101000010
0001101000011001
0001110011000111
0001010100011011
0000100011010101
0000001000011100
0000100011011110
0001011011001000
0001110111111111
0001100010000011
0000101011111101
0000000111010111
0000011011011011
0001010000110010
0001110010000001
0001101000111101
0000111101111001
0000001111111001
0000001110100100
0000111110110111
0001101110011101
0001110011010100
0001001010111001
0000010100110001
0000001000010001
0000110100110010
0001100111111011
0001110011001101
0001010100010100
0000100010101010
0000001000100100
0000100100010000
0001011011010110
0001110111110001
0001100010011000
0000101100010001
0000000101101010
0000011001101100
0001010010101010
0001110100011011
0001100111110101
0000111011111000
0000001111111010
0000001110111100
0000111110110011
0001101111010010
0001110011111110
0001001001100101
0000010011001100
0000001000110001
0000110110100110
0001101000100100
0001110010001000
0001010100001000
0000100011110010
0000001000011011
0000100010110010
0001011011000111
0001111000100000
0001100010010001
0000101011111111
0000000110101010
0000011010101111
0001010001111100
0001110011010000
0001100111111111
0000111100100001
0000001111101110
0000001111000011
0000111111110100
0001101111101110
0001110010110100
0001000111110110
0000010011100010
0000001011001011
0000110110111000
0001100101111010
0001110001010101
0001010110010011
0000100100011111
0000000110101001
0000100010010010
0001011100010101
0001111000111010
0001100001110111
0000101011110110
0000000110110010
0000011010111100
0001010001000110
0001110001111100
0001101000111010
0000111110011100
0000001110110010
0000001100111110
0001000000111001
0001110001101100
0001110010000101
0001000110111111
0000010100001011
0000001010101000
0000110101010100
0001100101100110
0001110010001110
0001010111110010
0000100101011100
0000000101101101
0000100000111111
0001011101000101
0001111001100101
0001011111110101
0000101010111111
0000001001101111
0000011100100111
0001001111010011
0001110001000111
0001101001111111
0000111110010110
0000001101110100
0000001100110010
0001000001001000
0001110001101110
0001110001110001
0001000110101111
0000010101001011
0000001011101011
0000110100001001
0001100100100101
0001110100000000
0001011001001110
0000100011010111
0000000011010111
0000100001110010
0001011110110111
0001111001100111
0001011110111111
0000101011000110
0000001010010111
0000011100100100
0001001110011101
0001110000001100
0001101010010000
0000111111111100
0000001110100100
0000001100000001
0001000000101111
0001110001101011
0001110001001100
0001000110111111
0000010110100110
0000001011110110
0000110011000110
0001100100010101
0001110011111000
0001011000100101
0000100011101100
0000000100110111
0000100011001000
0001011110010010
0001110111100000
0001011110100100
0000101100111011
0000001011010001
0000011010110000
0001001100010110
0001110000111001
0001101011111001
0000111111000111
0000001101011100
0000001101010010
0001000010000111
0001110000111101
0001101111111001
0001000111001110
0000010111100001
0000001011101100
0000110010011110
0001100100101100
0001110100110111
0001010111111100
0000100001111101
0000000101001111
0000100100101101
0001011101110100
0001110110000100
0001011110101100
0000101110010001
0000001100100000
0000011010100111
0001001011000111
0001110000101001
0001101101000100
0000111111010001
0000001100010000
0000001101011111
0001000011001000
0001110000001000
0001101110001111
0001000111010001
0000011000110100
0000001100011110
0000110001101111
0001100011010010
0001110100110010
0001011000111110
0000100010000011
0000000100100111
0000100101000010
0001011110010010
0001110101001010
0001011110000001
0000101111011000
0000001100011001
0000011000100000
0001001011011000
0001110011010110
0001101101001010
0000111101011110
0000001101000001
0000001111011111
0001000010010011
0001101101110010
0001101101101000
0001001000101000
0000011010100000
0000001011110110
0000101111101011
0001100100000111
0001110110110011
0001010111101000
0000100000001001
0000000110001001
0000100111001110
0001011100111001
0001110011001001
0001011111100101
0000110001011110
0000001011101000
0000010111000000
0001001011011100
0001110100010011
0001101101010101
0000111100001010
0000001100000100
0000010000010111
0001000011010101
0001101100101100
0001101100101111
0001001010101100
0000011011110000
0000001010001000
0000101110110000
0001100100111011
0001110110101010
0001010110111010
0000100001011010
0000000111110110
0000100110001111
0001011011001110
0001110011000110
0001011111111011
0000110001110111
0000001011100111
0000010110100011
0001001100000110
0001110100100001
0001101011110011
0000111011101101
0000001101110111
0000010000111010
0001000001010100
0001101011110101
0001101110010001
0001001011011111
0000011011000110
0000001001110100
0000101111011110
0001100101101000
0001110110001001
0001010101111100
0000100001000000
0000001000001111
0000100110111010
0001011011000101
0001110010100001
0001011111110001
0000110001111001
0000001011101001
0000010110110011
0001001100011001
0001110100011100
0001101011001000
0000111011110000
0000001111000110
0000010001110100
0001000000110010
0001101010011111
0001101110011000
0001001100111000
0000011011000100
0000001000100001
0000101111001110
0001100110001101
0001110101101100
0001010100111111
0000100001111100
0000001010001001
0000100110100110
0001011000101101
0001110001100111
0001100010011010
0000110011111110
0000001011101001
0000011011100010
0001010101100100
0001101101101000
0001000111101000
0000100001101101
0000110000101111
0001010011011011
0001010001011110
0000110101100010
0000101111001010
0001000010000010
0001001010010011
0001000000000110
0000111100011010
0001000011011101
0001000001111010
0000111000001110
0000111010001001
0001000111100000
0001001011000101
0000111110111101
0000110101011100
0000111010101101
0001000011011110
0001000011001101
0001000000000001
0001000001101111
0001000010000100
0000111100001001
0000111000110001
0000111111101001
0001001000000110
0001000100111010
0000111010111001
0000111001000000
0000111111011010
0001000010100001
0001000000011001
0001000000110100
0001000011110111
0001000001100111
0000111010010010
0000111000100010
0001000000110011
0001001000100101
0001000101010100
0000111100110011
0000111010001001
0000111100111010
0000111110111101
0001000000101111
0001000100101011
0001000100101111
0000111101001100
0000111000100100
0000111110000110
0001000100010100
0001000011010101
0000111111011011
0000111110001000
0000111110101110
0000111110001110
0000111110011011
0001000010010000
0001000100011011
0000111111010100
0000111001111100
0000111100111010
0001000011101000
0001000100001000
0000111111110011
0000111110010111
0000111111010011
0000111101111001
0000111100100110
0001000000100110
0001000101111000
0001000011011001
0000111010110110
0000111001001011
0001000000111010
0001000101100011
0001000001011011
0000111101101101
0000111111101001
0001000000000111
0000111011110010
0000111011101101
0001000011111000
0001000111110001
0001000000001010
0000111001010011
0000111100111110
0001000010101100
0001000001000100
0000111101101111
0001000000101011
0001000011110001
0000111110110110
0000111001110010
0000111110110000
0001000101110100
0001000011000111
0000111100001001
0000111100011000
0001000001100101
0001000010001010
0000111110010001
0000111110000000
0001000001100100
0001000001010010
0000111101000011
0000111101101110
0001000011011111
0001000011101000
0000111101000011
0000111011010111
0001000000101101
0001000010111001
0000111111010011
0000111110000110
0001000001101000
0001000001100101
0000111100010010
0000111011101001
0001000010001110
0001000101010100
0001000000000001
0000111011011101
0000111110011010
0001000010011011
0001000000100010
0000111101100011
0001000000000110
0001000011001100
0000111111001000
0000111010010000
0000111111000101
0001000110011110
0001000011000000
0000111010010110
0000111011000011
0001000010010011
0001000011010100
0000111110111011
0000111110110101
0001000010010000
0001000000100000
0000111011001011
0000111100001011
0001000011100011
0001000101100101
0000111110110000
0000111010100110
0000111111010001
0001000010101010
0000111111000111
0000111101110000
0001000010000110
0001000010110010
0000111100111100
0000111010111110
0001000001000100
0001000101001000
0001000000101101
0000111011011100
0000111101010001
0001000001111001
0001000001111010
0000111111010000
0000111111110011
0001000001011110
0000111110110111
0000111011100000
0000111110011101
0001000011101110
0001000010101000
0000111101111010
0000111101011110
0001000000101111
0001000001000101
0000111110011011
0000111110110001
0001000001101000
0001000000110101
0000111101011000
0000111110001100
0001000010011101
0001000010001101
0000111101000111
0000111100010110
0001000001010101
0001000011000011
0000111111001111
0000111101011110
0001000000110101
0001000010100000
0000111110010000
0000111011011001
0000111111111000
0001000100011010
0001000001001110
0000111100000101
0000111110001001
0001000010110110
0001000001010101
0000111101010001
0000111101110101
0001000001000110
0001000001011011
0000111110100110
0000111110001111
0001000001101110
0001000010000010
0000111101010101
0000111011110001
0001000000101011
0001000011110101
0001000000011111
0000111101011110
0000111111010100
0001000001000000
0000111110110100
0000111101011000
0001000000110111
0001000011101010
0000111111110001
0000111011100001
0000111110101000
0001000011101010
0001000001101000
0000111100001000
0000111101001111
0001000010101000
0001000010001001
0000111101101101
0000111110000011
0001000001010110
0001000000111010
0000111101110101
0000111101011100
0001000000110111
0001000010111101
0001000000010010
0000111101010000
0000111110101111
0001000001000011
0000111111001111
0000111110000011
0001000001101111
0001000011010101
0000111110001010
0000111010110101
0000111111011010
0001000011111100
0001000001000000
0000111100110110
0000111110101110
0001000001101001
0000111111011110
0000111101001110
0001000000100000
0001000011110001
0001000000011011
0000111011010001
0000111100111000
0001000010100010
0001000011000010
0000111110111101
0000111101111100
0001000000000010
0000111111011010
0000111101011100
0000111111111110
0001000011111111
0001000010000101
0000111100011110
0000111011010011
0000111111110110
0001000011001111
0001000001000111
0000111110010000
0000111111100010
0001000000011101
0000111101001010
0000111100100001
0001000010100110
0001000101110011
0000111111101001
0000111001110001
0000111100111101
0001000010110001
0001000010010000
0000111111001010
0000111111110101
0001000000010010
0000111101011001
0000111100110001
0001000001000110
0001000100000100
0001000000110010
0000111100001011
0000111101000101
0001000000101011
0001000000111111
0001000000000110
0001000001010100
0001000001011001
0000111101001001
0000111010101001
0000111111010100
0001000101000010
0001000011110010
0000111101100000
0000111010110001
0000111110011010
0001000001111010
0001000000111111
0000111111111100
0001000000110101
0000111111111011
0000111100101011
0000111101000000
0001000010001100
0001000100000111
0000111111011110
0000111011110001
0000111101111001
0001000001010000
0001000000111101
0000111111011110
0001000000011000
0001000000110010
0000111101011111
0000111011101000
0001000000100100
0001000101111001
0001000010000111
0000111010101110
0000111011011001
0001000001001001
0001000001111110
0000111111001010
0000111111100011
0001000001110101
0001000000000000
0000111011111010
0000111101001111
0001000010110010
0001000011101011
0000111110111110
0000111100100101
0000111111000000
0001000000011100
0000111110111000
0000111111101010
0001000010100100
0001000000100110
0000111011010100
0000111100001011
0001000010110011
0001000100110110
0001000000010000
0000111100110101
0000111110000111
0000111111100101
0000111110110011
0000111110101101
0001000001100010
0001000011010000
0000111111010011
0000111010101110
0000111101011111
0001000011001101
0001000010100011
0000111110010010
0000111101111111
0001000000000001
0000111111011110
0000111110111011
0001000001000010
0001000001100100
0000111110011010
0000111100011001
0000111110101101
0001000010100001
0001000010101001
0000111110111011
0000111101011000
0000111111010110
0000111111011110
0000111101100100
0000111111100101
0001000100000100
0001000010110001
