0001000001110001
0000111111011101
0000111110101011
0001000000101000
0001000001000001
0000111111010000
0000111111000000
0001000001000010
0001000001100000
0000111111000010
0000111110001001
0001000000010101
0001000001101000
0001000000011011
0000111110110100
0000111111001000
0001000001000110
0001000001010000
0000111110111000
0000111110010011
0001000000101111
0001000001110011
0000111111101101
0000111110011100
0001000000010011
0001000001110101
0000111111110010
0000111101100011
0000111111101010
0001000010011101
0001000000101001
0000111110000101
0000111111100011
0001000001010000
0000111111111010
0000111110110100
0001000000010000
0001000001101000
0001000000101001
0000111111000011
0000111111011011
0001000000101010
0001000000001010
0000111110101011
0000111111000111
0001000001000110
0001000000111111
0000111111000110
0000111111010010
0001000001001110
0001000001001000
0000111110110111
0000111110011010
0001000000101111
0001000001110010
0000111111111111
0000111110111000
0000111111111110
0001000000110100
0000111111110011
0000111110110100
0000111111111011
0001000001010001
0001000000001000
0000111110111010
0001000000011001
0001000001001101
0000111110111111
0000111110001100
0001000000101111
0001000010010000
0001000000001011
0000111101111011
0000111111011100
0001000010001001
0001000001000001
0000111101110000
0000111101111011
0001000001100001
0001000010101110
0000111111011110
0000111101110011
0001000000100101
0001000001100010
0000111110110001
0000111110101101
0001000001011101
0001000000110011
0000111110001011
0000111111010000
0001000010000101
0001000001010101
0000111110001011
0000111110010110
0001000001100000
0001000001111011
0000111111000101
0000111101111001
0001000000001001
0001000001111110
0001000000011000
0000111110011111
0000111111110010
0001000001011101
0001000000000011
0000111110011000
0000111111111111
0001000001110001
0000111111110100
0000111110001011
0001000000011101
0001000010000111
0000111111110011
0000111101100010
0000111111011111
0001000010010111
0001000000110101
0000111101110001
0000111110110110
0001000001110011
0001000001011000
0000111110101010
0000111110101101
0001000001010111
0001000001010111
0000111110011100
0000111110000010
0000111110111101
0000111010011111
0000111000000101
0001001010111101
0001100100000101
0001010010001000
0000011000000000
0000000010111001
0000110111111011
0001111000111001
0001111100110001
0001000011101100
0000001001010000
0000000110010101
0000111000001010
0001101011111110
0001111000001001
0001010100010010
0000011001101001
0000000000000000
0000100101101011
0001100011101011
0001111101011101
0001011111111000
0000100110000011
0000000010100111
0000011001001000
0001010011010111
0001111001100100
0001101100011011
0000110111101110
0000000111100100
0000001100000100
0001000010000101
0001110011110001
0001110100101010
0001000110110110
0000010010100000
0000001000110100
0000110011000111
0001100110110100
0001110101000000
0001010100101100
0000100000101010
0000001000000110
0000100101010101
0001011010011011
0001110100101101
0001100000100110
0000101110011010
0000001001100011
0000011001010101
0001001111000001
0001110100101100
0001101000110010
0000110110101101
0000001100000100
0000010101000000
0001000111011001
0001101110110001
0001101010011110
0001000001110111
0000010101001100
0000001110101011
0000110111111110
0001101000110111
0001110011100101
0001001110111000
0000011010001000
0000001000111011
0000101101110001
0001100001010110
0001110011010001
0001011000111000
0000101000100001
0000001011000110
0000011110101101
0001010001111011
0001110100001110
0001100110110011
0000110100000110
0000001010011001
0000010101101011
0001001001110100
0001110000100000
0001101001011011
0001000000001011
0000010110000000
0000010000011001
0000110111111110
0001100111111110
0001110011100001
0001001111100000
0000011001110011
0000000111010110
0000101101000110
0001100011000011
0001110101010111
0001011000111011
0000100110011111
0000001000011101
0000011110001001
0001010101011000
0001111000001001
0001100111001010
0000110001001100
0000000110011100
0000010100001011
0001001100111100
0001110101000101
0001101010111001
0000111101100011
0000010001010011
0000001101011100
0000111001110001
0001101101000000
0001110110010000
0001001110000001
0000010110100110
0000000101000000
0000101101001101
0001100101100011
0001110111111110
0001011001100100
0000100100101000
0000000101101111
0000011101000100
0001010110001010
0001111001110010
0001101000100001
0000110001110110
0000000110001010
0000010010110110
0001001011011001
0001110100100011
0001101100000100
0000111111100110
0000010010000001
0000001100011101
0000111000001001
0001101100011000
0001110111101011
0001001111001100
0000010101101100
0000000011111011
0000101101111001
0001100110100101
0001110111011010
0001011000101010
0000100101111001
0000000110111100
0000011011101100
0001010100101010
0001111010011110
0001101001101100
0000110001011011
0000000101101010
0000010011010000
0001001011010100
0001110100010001
0001101100110101
0001000000010011
0000010001000010
0000001010101011
0000111000101010
0001101110101001
0001110111011110
0001001100111100
0000010101101111
0000000110001001
0000101110001100
0001100100101100
0001110111000100
0001011010000101
0000100101010101
0000000100111000
0000011100001111
0001010111101110
0001111011101110
0001100111011010
0000101111001000
0000000110111010
0000010101101011
0001001010011001
0001110001110110
0001101100111010
0001000001110110
0000010001101111
0000001010011100
0000111000011001
0001101110100101
0001110111000100
0001001100110101
0000010110110010
0000000111010111
0000101110001001
0001100010111100
0001110101101000
0001011011010001
0000100110111111
0000000100111110
0000011011101011
0001010110111100
0001111010101010
0001100110110010
0000101111101101
0000000111111100
0000010101111000
0001001010001100
0001110010011000
0001101110000011
0001000001100111
0000001111110001
0000001001111100
0000111001101100
0001101110100110
0001110110001000
0001001100011000
0000010111010101
0000001000101000
0000101110000100
0001100001110101
0001110101010111
0001011011100100
0000100111100010
0000000101101000
0000011100011010
0001010111100111
0001111001111101
0001100101000001
0000101111001011
0000001001010100
0000010111000101
0001001001100001
0001110001001000
0001101101111001
0001000010001010
0000010000001101
0000001010100000
0000111011000010
0001101111010000
0001110100001011
0001001010011000
0000010111110001
0000001001100101
0000101101110001
0001100001111001
0001110110100101
0001011011100010
0000100101001101
0000000100010101
0000011110000101
0001011001011011
0001111001101111
0001100100110111
0000110000010101
0000001000101001
0000010100100110
0001001001011000
0001110011101000
0001101111000101
0001000000011000
0000001110001000
0000001010101010
0000111100000010
0001101110111111
0001110011110010
0001001011010010
0000011000111110
0000001001011000
0000101100110000
0001100001111011
0001110111110100
0001011011110101
0000100011110010
0000000011011110
0000011110110110
0001011010010011
0001111001010101
0001100010111111
0000101111001100
0000001010100000
0000010110100000
0001001000111011
0001110010110011
0001101110110111
0000111111100000
0000001101011011
0000001011110011
0000111101011001
0001101110110110
0001110011001100
0001001011000110
0000011000101101
0000001001000110
0000101100110101
0001100010000111
0001110111111010
0001011100100001
0000100100111010
0000000011110000
0000011110011111
0001011001011101
0001111000010111
0001100011010100
0000110000010100
0000001010011110
0000010101001100
0001001000001001
0001110011010100
0001101111010010
0000111111110001
0000001110000010
0000001011110010
0000111101010100
0001101110110111
0001110010110010
0001001010111110
0000011000101111
0000001000111111
0000101101001000
0001100010011110
0001110111101011
0001011011000000
0000100011100010
0000000100111100
0000100000100011
0001011001110011
0001110111001101
0001100010010000
0000110000001101
0000001010101110
0000010110001011
0001001001111101
0001110011011001
0001101101101010
0000111110100110
0000001101111000
0000001100101100
0000111110010101
0001101110100111
0001110010000001
0001001010110110
0000011000010000
0000000111101010
0000101101011001
0001100101011001
0001111001010111
0001011000110001
0000100000101001
0000000101001011
0000100010000001
0001011001000111
0001110110000101
0001100011101110
0000110010100110
0000001010100100
0000010011100011
0001001000100100
0001110101001001
0001101111010101
0000111101111100
0000001101011101
0000001101101011
0000111110011000
0001101101010110
0001110000111110
0001001010110011
0000011001101001
0000001000110111
0000101100011111
0001100011111010
0001111001001011
0001011001100011
0000100001011100
0000000101011100
0000100010101010
0001011001011101
0001110100101000
0001100010110001
0000110011101101
0000001010111101
0000010010011101
0001001000001001
0001110101101111
0001101111011011
0000111101001111
0000001101000111
0000001101111000
0000111110111110
0001101101100101
0001110000101100
0001001011000111
0000011010001110
0000001000100001
0000101100000010
0001100100011000
0001111001101000
0001011000110010
0000100000110010
0000000110011110
0000100011011001
0001011000100111
0001110100000101
0001100011010001
0000110011110110
0000001010100010
0000010010010011
0001001000010100
0001110110000001
0001101111010010
0000111100100000
0000001101011000
0000001111000010
0000111110001001
0001101011110101
0001110000110100
0001001100011100
0000011010101011
0000000111110111
0000101100001101
0001100101011011
0001111000111010
0001010111001101
0000100001100011
0000000111110101
0000100010011000
0001010111011100
0001110101001111
0001100100001011
0000110010111011
0000001010000101
0000010011011010
0001001001011111
0001110101010010
0001101101001101
0000111100100101
0000001111100110
0000001111111011
0000111101000001
0001101010101001
0001110000111010
0001001101001011
0000011010101110
0000000111101010
0000101100001110
0001100101000101
0001111000100111
0001010111010001
0000100001100000
0000001000000100
0000100011010101
0001010111111100
0001110100010011
0001100010101110
0000110010100110
0000001010110111
0000010100010010
0001001001010111
0001110100010000
0001101100110111
0000111101011101
0000010000000010
0000001111001111
0000111100110111
0001101011110110
0001110010000001
0001001100011110
0000011001011000
0000000111110100
0000101101000010
0001100100100101
0001110111011101
0001010111001001
0000100010111100
0000001001000101
0000100001101101
0001010101110111
0001110101001101
0001100100111110
0000110010001100
0000001001010101
0000010101010101
0001001010111000
0001110010111110
0001101010111001
0000111101011111
0000010001010011
0000001111101100
0000111100001000
0001101011110000
0001110010011001
0001001011110101
0000011000101000
0000001000011010
0000101110010110
0001100100001100
0001110110001011
0001010111111111
0000100100010100
0000001001100110
0000100111001000
0001011110000101
0001101100011100
0001000011001011
0000011110010101
0000101110000001
0001010010101101
0001010101011111
0000111010100011
0000101101001111
0000111010100000
0001001001001001
0001000111111010
0001000001100000
0001000000010000
0000111101110111
0000111000110111
0000111011111110
0001000110110111
0001001010100000
0001000001100101
0000110111101010
0000111000000001
0001000000000101
0001000101011111
0001000101001101
0001000010111100
0000111111001000
0000111001111111
0000111001011111
0001000000000000
0001000111101101
0001001000011001
0001000000001100
0000110111100011
0000110111101110
0000111111000101
0001000101100000
0001000111100111
0001000101010110
0000111110110000
0000110111100101
0000110111010101
0000111111101011
0001001001000111
0001001001111111
0001000001011011
0000111000111001
0000110111110010
0000111100111110
0001000011100111
0001000111000001
0001000100011110
0000111110100001
0000111010011110
0000111011011101
0001000000010110
0001000100101011
0001000100001011
0000111111011000
0000111100010001
0000111101111100
0001000000110010
0001000010000000
0001000010000110
0001000001000001
0000111110100101
0000111100001101
0000111101000010
0001000001110011
0001000101000111
0001000011001101
0000111111001000
0000111100100110
0000111100101100
0000111111100001
0001000011011110
0001000100000000
0001000000010001
0000111100110011
0000111100101110
0001000000000011
0001000011010111
0001000010010110
0000111111000110
0000111110010011
0000111111001110
0001000000000000
0001000000100110
0001000001010100
0001000001101101
0000111111111000
0000111100110000
0000111101101001
0001000010101000
0001000011111110
0000111111101011
0000111101010110
0000111111110001
0001000001000010
0000111111101011
0000111111100101
0001000000011110
0001000000101010
0001000000011010
0000111111111000
0000111111111010
0001000000011001
0000111111100100
0000111110110001
0001000000011000
0001000001110010
0001000000101011
0000111111001110
0000111111100001
0001000000010001
0000111111101001
0000111110101001
0001000000001101
0001000010110111
0001000001100110
0000111110000000
0000111101110010
0001000000101110
0001000001111101
0001000000110001
0000111111111110
0001000000000001
0000111111000101
0000111110011000
0001000000010010
0001000010101110
0001000001110010
0000111110010001
0000111101001000
0000111111001001
0001000000111110
0001000001010111
0001000001011111
0001000001010011
0000111111010101
0000111100101000
0000111110000001
0001000011011010
0001000100111011
0001000000000101
0000111011101110
0000111100101100
0001000000100100
0001000010011010
0001000001011001
0001000001000011
0001000001000111
0000111110010110
0000111011111001
0000111110110110
0001000100000000
0001000100100100
0000111111111010
0000111011111000
0000111100011110
0000111111111010
0001000010111011
0001000011111011
0001000001110011
0000111101011001
0000111011011001
0000111110001110
0001000010101000
0001000100010100
0001000001111111
0000111110010000
0000111101001001
0000111110101001
0001000000000000
0001000000111010
0001000001111111
0001000010001010
0000111111000111
0000111011111110
0000111110010010
0001000010110010
0001000011010110
0001000000111011
0000111110001011
0000111100101101
0000111110010000
0001000001100111
0001000011110011
0001000010101100
0000111111001001
0000111100000101
0000111100100101
0001000000100111
0001000011110101
0001000010110101
0001000000001010
0000111110001110
0000111101001000
0000111110101111
0001000010010110
0001000011010101
0001000000001110
0000111101011100
0000111101110110
0000111111110101
0001000001001111
0001000010010100
0001000010000000
0000111110111101
0000111100000110
0000111101100110
0001000010001000
0001000011111101
0001000001001101
0000111110000101
0000111110000001
0000111111010000
0000111111110001
0001000001000011
0001000011000101
0001000010001001
0000111101011110
0000111010111010
0000111111000000
0001000100010101
0001000011001000
0000111110111000
0000111110011101
0000111111010110
0000111110101010
0000111111011100
0001000010011111
0001000011010010
0000111111010010
0000111011110101
0000111110011101
0001000010101110
0001000010100000
0000111111100010
0000111110100010
0000111111101101
0000111111010100
0000111110000111
0001000000101111
0001000100010110
0001000010001010
0000111100010101
0000111010110010
0001000000000011
0001000100101001
0001000010100101
0000111110011110
0000111110001010
0000111111110110
0000111111101100
0000111111010000
0001000001011110
0001000011001110
0001000000001001
0000111100000001
0000111101000111
0001000010000110
0001000011111110
0001000000011001
0000111101010011
0000111110001111
0001000000001110
0001000000110101
0001000000111000
0001000001010011
0001000001000101
0000111110010010
0000111100000111
0000111111001010
0001000011101010
0001000011001001
0000111111010101
0000111101111011
0000111111010101
0000111111110010
0000111111010001
0001000000011001
0001000001111011
0001000000110010
0000111101111101
0000111101110001
0001000000101110
0001000010011000
0001000000110001
0000111110101111
0000111110110010
0001000000000110
0001000000011110
0001000000011111
0001000001010011
0001000000110010
0000111101110000
0000111100010100
0001000000000000
0001000100010101
0001000010110001
0000111101111001
0000111101000001
0000111111111000
0001000001010010
0001000000000110
0000111111101101
0001000001001000
0001000000011000
0000111101001111
0000111101101010
0001000010001110
0001000011110000
0000111111110111
0000111101000010
0000111111001001
0001000001010000
0000111111110111
0000111110101101
0001000000101011
0001000010001001
0000111111101110
0000111101011110
0000111111100010
0001000001111000
0001000000100111
0000111110110101
0000111111101001
0001000001000110
0000111111110111
0000111110010001
0001000000010011
0001000010010100
0000111111111110
0000111101010000
0000111110110101
0001000010001001
0001000001101111
0000111101110001
0000111101001100
0001000001101011
0001000011010110
0000111111010011
0000111101000100
0001000000010100
0001000010100010
0000111111101011
0000111101010101
0000111111111110
0001000010101110
0000111111111110
0000111100110000
0000111111100100
0001000010111011
0001000000110010
0000111101111101
0000111111000100
0001000001001000
0001000000001011
0000111110010010
0000111111100011
0001000010000100
0001000000111101
0000111101110010
0000111110001101
0001000001101111
0001000001100110
0000111110000110
0000111110110000
0001000010001111
0001000001010001
0000111101101010
0000111110001010
0001000001100011
0001000001111000
0000111111001011
0000111110100001
0001000000100000
0001000000111110
0000111110111110
0000111110100000
0001000000110100
0001000001011100
0000111110110000
0000111110000110
0001000001011111
0001000010101100
0000111110101011
0000111100100111
0001000000000111
0001000010000111
0000111111110011
0000111110110110
0001000000111001
0001000001011010
