0000111110011100
0001000000001100
0001000010000011
0001000000100101
0000111110011111
0000111111011010
0001000001011111
0001000000111000
0000111110110111
0000111111100010
0001000001101010
0001000001100010
0000111111001101
0000111110010101
0001000000011101
0001000001100100
0000111111100111
0000111111000100
0001000001000111
0001000001001101
0000111111000001
0000111110111100
0001000001011101
0001000001011010
0000111110100111
0000111110110110
0001000001111110
0001000010001101
0000111111001110
0000111101110011
0001000000000101
0001000010001010
0001000000001011
0000111101111011
0000111111111011
0001000010101001
0001000001100110
0000111111000011
0000111110100111
0001000000000001
0001000000111111
0001000000000001
0000111111010011
0001000000111111
0001000001110101
0000111111110010
0000111110101111
0001000000011001
0001000000101110
0000111111000110
0000111111010110
0001000001001111
0001000001010111
0000111111111111
0000111111011001
0000111111110110
0001000000011000
0001000000001101
0000111111111100
0001000000100000
0001000000111001
0001000000010001
0000111111100111
0000111111110000
0001000000000110
0001000000001110
0001000000100011
0001000000100111
0001000000000011
0000111111111100
0001000000100100
0001000000010100
0000111111011010
0000111111000101
0001000000000011
0001000001111101
0001000001110110
0000111111010100
0000111110010010
0000111111101001
0001000000111111
0001000000110110
0000111111011110
0000111111100100
0001000001010001
0001000001100010
0001000000001111
0000111111000011
0000111110111100
0001000000001011
0001000001000111
0001000000100011
0001000000000010
0001000000011110
0001000000101111
0000111111111111
0000111111001000
0000111111100011
0001000000011111
0001000000100011
0001000000100011
0001000001000011
0001000000100100
0000111111011001
0000111111010010
0001000000000000
0001000000101100
0001000000101011
0000111111111100
0001000000001001
0001000000100100
0000111111101111
0000111111101110
0001000001000111
0001000000110010
0000111111000100
0000111110111011
0001000001000000
0001000010000100
0000111111110111
0000111110010000
0000111111111011
0001000001010001
0001000000010010
0000111111011111
0000111111111010
0001000000100111
0000111111000011
0000111001111100
0000111001011010
0001001010000100
0001011101000101
0001001100111100
0000011111101111
0000010001010000
0000111010011101
0001101011100111
0001101111011111
0001000100111011
0000010110001100
0000010000101001
0000111000000000
0001100011010010
0001101100010110
0001001111111000
0000100011101110
0000001110010000
0000101000010000
0001011001001000
0001110001111011
0001011101011011
0000101011100001
0000001010100110
0000011110111100
0001010001101110
0001101111010000
0001100001011110
0000111000000010
0000010100110000
0000011000000010
0001000000000111
0001100111110001
0001101011101100
0001000111000101
0000011000011001
0000010000000111
0000111000010010
0001100011001100
0001101000110001
0001001100111001
0000100111100011
0000010101101001
0000101001010000
0001010001111000
0001101011010111
0001011110100110
0000110001111011
0000001110111111
0000011110011010
0001001111000000
0001101100100101
0001100000011111
0000111001101111
0000010110001111
0000010111001011
0000111111000100
0001101000101001
0001101110000100
0001001000100001
0000010110110011
0000001100010110
0000110101110010
0001100101101011
0001101111011110
0001010000110000
0000100011000010
0000001100101011
0000100101101001
0001011000010101
0001110100111100
0001100001000011
0000101011110001
0000000111010100
0000011011111101
0001010010101011
0001110011000001
0001100100101110
0000110111111010
0000010000001010
0000010011011001
0001000001011011
0001101101111111
0001110000000100
0001000101101001
0000010010101010
0000001010011101
0000110111100011
0001101001110010
0001110010011011
0001010000000111
0000011111001101
0000001001000000
0000100101101111
0001011011111100
0001111000010111
0001100001001001
0000101000110101
0000000100100011
0000011011100000
0001010011111110
0001110101000000
0001100111001111
0000111000111000
0000001100101111
0000001110011100
0001000001001100
0001110011001010
0001110100100101
0001000100110000
0000001110110100
0000001000101011
0000110110110000
0001101001000100
0001110101011010
0001010101001011
0000011111011011
0000000100010011
0000100011001100
0001011110010010
0001111010110111
0001100000100001
0000100111111010
0000000100110001
0000011011001010
0001010011001001
0001110101100111
0001101000011110
0000111000000010
0000001010101010
0000001110000100
0001000010100001
0001110100011001
0001110100111110
0001000100110111
0000001110101100
0000000111100000
0000110110011001
0001101011000011
0001110110100011
0001010011100111
0000011101001000
0000000011001111
0000100100011010
0001100001000110
0001111100101000
0001011111000001
0000100100100100
0000000100010000
0000011101110000
0001010100010000
0001110101010011
0001101001011001
0000110111110111
0000000111100111
0000001100110011
0001000110001100
0001110111010100
0001110010000011
0001000000100101
0000001110110001
0000001010010101
0000110111110001
0001101010101111
0001110110101111
0001010011100000
0000011010101100
0000000001101000
0000100110110111
0001100011110000
0001111011011001
0001011100100101
0000100100110001
0000000101101110
0000011101100011
0001010011011010
0001110101101010
0001101001100010
0000110111000001
0000000111110000
0000001110011010
0001000111010110
0001110110110011
0001110001000011
0001000000001101
0000001110110101
0000001010100000
0000111000000110
0001101011010111
0001110111000010
0001010010110010
0000011001011100
0000000001000010
0000100111101010
0001100101000001
0001111011010000
0001011100000010
0000100101000001
0000000101011000
0000011100101010
0001010011100110
0001110110110110
0001101010101100
0000110110100011
0000000101100111
0000001101110000
0001001000110100
0001110111101101
0001110000011011
0000111111101001
0000001111001010
0000001010101111
0000110111100011
0001101011001000
0001110111110100
0001010011001110
0000011001000110
0000000001001110
0000101000001101
0001100100110011
0001111010110110
0001011100001000
0000100101010000
0000000101000011
0000011011100001
0001010011101110
0001111000101100
0001101011010111
0000110101110111
0000000101001100
0000001101101011
0001001000110011
0001110111001110
0001101111110101
0001000000010011
0000010000011100
0000001010011011
0000110101101111
0001101010100110
0001111001100001
0001010100011001
0000011000001101
0000000000001010
0000101000011110
0001100101011110
0001111010110110
0001011100011111
0000100110000101
0000000100100100
0000011010000010
0001010011100000
0001111010011010
0001101100100100
0000110100011000
0000000011101011
0000001110101101
0001001001100110
0001110101111110
0001101111001000
0001000010000010
0000010010000001
0000001001100111
0000110100000000
0001101001111001
0001111001111000
0001010101001011
0000011000101010
0000000000000000
0000101000001000
0001100100110100
0001111010001110
0001011100010011
0000100111000011
0000000110010000
0000011010100111
0001010010000011
0001111000010111
0001101011111111
0000110110001100
0000000110000011
0000001110010110
0001000111010101
0001110101001001
0001101111111011
0001000010001101
0000010001011101
0000001010000000
0000110101011101
0001101010010011
0001111000100000
0001010100000100
0000011001000010
0000000001000111
0000101000111100
0001100100110001
0001111001001111
0001011011010110
0000100111000000
0000000110101110
0000011010110001
0001010010000110
0001111000111100
0001101100010010
0000110100111111
0000000100100010
0000001110101011
0001001000010011
0001110101001100
0001110000010101
0001000011000100
0000010001000010
0000001000011100
0000110101000010
0001101011110001
0001111001101001
0001010011001100
0000011000000100
0000000001011101
0000101001100010
0001100100101011
0001111000111111
0001011011100110
0000100110110000
0000000101110000
0000011010010001
0001010010100001
0001111001101011
0001101100110010
0000110100111010
0000000100011001
0000001110101111
0001001000010000
0001110101001100
0001110000100111
0001000011101000
0000010001001000
0000000111001101
0000110011111011
0001101100100111
0001111010101001
0001010010001001
0000010111001001
0000000010100100
0000101010000001
0001100011011111
0001111000101110
0001011100111010
0000100111101011
0000000101101000
0000011001111001
0001010010100100
0001111001111010
0001101100101001
0000110100001100
0000000011111110
0000001111100001
0001001001001010
0001110101010111
0001110000100010
0001000010111111
0000001111111110
0000000111010111
0000110101011001
0001101101010101
0001111010001011
0001010001110000
0000010111011011
0000000011000100
0000101001100001
0001100001100110
0001110111111101
0001011110100110
0000101000111110
0000000100010100
0000011000101000
0001010011101001
0001111010100011
0001101010110100
0000110011011001
0000000110001100
0000010000110011
0001000111011100
0001110011110010
0001110001000100
0001000011111111
0000001111111110
0000000110110011
0000110101011110
0001101101111011
0001111001110110
0001010001001001
0000011000000111
0000000011111000
0000101001010000
0001100001010100
0001111000000011
0001011111000111
0000101001100011
0000000011110011
0000010111110011
0001010100011010
0001111011010111
0001101001100000
0000110010010101
0000000111010100
0000010010000010
0001000111000100
0001110010100101
0001110000110000
0001000101000110
0000010000011110
0000000101111111
0000110101010110
0001101101111001
0001111000111001
0001010000101000
0000011001000011
0000000101011110
0000101001001111
0001011111011010
0001110111110001
0001100001000101
0000101001111001
0000000010001001
0000010111100001
0001010101110000
0001111011100100
0001100111111110
0000110001101011
0000001001010101
0000010011111110
0001000101100111
0001110000010100
0001110001100010
0001000110101110
0000001111101110
0000000100101111
0000110110000001
0001101111011011
0001111001001100
0001001111111000
0000011000011111
0000000100101001
0000101000010101
0001100000000011
0001111001000101
0001100000110001
0000101001001000
0000000010001100
0000010111100010
0001010101010110
0001111011100110
0001101000111111
0000110010011010
0000001000011100
0000010010010001
0001000101011100
0001110001110011
0001110010010110
0001000101110100
0000001111001011
0000000101111000
0000110110111000
0001101110011100
0001110111110100
0001010000000010
0000011001010001
0000000100101000
0000101000010110
0001100000111011
0001111001111111
0001100000100011
0000100111011110
0000000001011010
0000011001000100
0001010101110111
0001111001011000
0001100111110101
0000110100100101
0000001010001101
0000010001000000
0001000100000111
0001110010011101
0001110010111100
0001000101001110
0000001110100100
0000000101111011
0000110111100111
0001101111001000
0001110111010000
0001001110100001
0000011001011110
0000000110100100
0000101000010101
0001011111000000
0001111001100001
0001100001101100
0000101000100110
0000000010111100
0000011110000001
0001011100010010
0001110001110000
0001001011011010
0000100100010011
0000101001011101
0001000011000010
0001001001111100
0001000011110000
0001000100100001
0001000100011101
0000111000000110
0000110000001001
0000111101111000
0001001111100110
0001001100110000
0000111101010110
0000110110000001
0000111000101101
0000111110000000
0001000100000001
0001001001010110
0001000111010001
0000111011110100
0000110011101010
0000111001011101
0001000101010110
0001001010011011
0001000110010111
0000111110000010
0000110110111101
0000110110011010
0000111111011111
0001001011100011
0001001100101101
0000111111110000
0000110010010010
0000110011000111
0001000001001101
0001001101101110
0001001101001010
0001000001011001
0000110100010101
0000110000100010
0000111010111111
0001001011111010
0001010010100101
0001000110011011
0000110011110000
0000101110110110
0000111011010000
0001001001011100
0001001100010101
0001000101100010
0000111100111011
0000110110100110
0000110110010001
0000111111111100
0001001100100100
0001001100001010
0000111101001011
0000110001111111
0000110111110001
0001000100111011
0001001001101000
0001000101000000
0000111111010000
0000111011011001
0000111001001000
0000111011111111
0001000101001111
0001001011000000
0001000011101001
0000110111011110
0000110110100001
0001000000010110
0001000110100001
0001000100100100
0001000001110000
0000111111010110
0000111010111110
0000111001110101
0001000000011100
0001001000010110
0001000110111010
0000111101000001
0000110111111001
0000111101000011
0001000010110010
0001000011000000
0001000010100001
0001000010110010
0000111111000111
0000111001100100
0000111011010011
0001000100101101
0001001000110100
0001000001000001
0000111001000011
0000111011100101
0001000010010110
0001000011010101
0001000000001101
0000111111111100
0001000001000100
0000111110011101
0000111100100111
0001000001011010
0001000110000100
0001000010000100
0000111010101011
0000111010110000
0001000001010101
0001000100011001
0001000001110001
0001000000000001
0001000000011101
0000111110100011
0000111011111110
0000111110110100
0001000101000100
0001000101000110
0000111101110101
0000111010100111
0000111111100110
0001000011001101
0001000001000100
0000111111100101
0001000000111000
0001000000001111
0000111101011101
0000111101111011
0001000010100001
0001000100110111
0001000000100010
0000111011010110
0000111100111000
0001000001101010
0001000010000011
0001000000011011
0001000010000000
0001000010101001
0000111101110001
0000111010001010
0000111110110001
0001000101000011
0001000011110101
0000111110000000
0000111100011101
0000111111111100
0001000001110001
0001000000011010
0001000000100010
0001000001111000
0001000000000000
0000111100011111
0000111101011001
0001000010011010
0001000100011111
0001000000101101
0000111101001110
0000111110001011
0000111111101111
0001000000000000
0001000001010011
0001000010110110
0001000001010011
0000111101100110
0000111100110011
0001000000010111
0001000011001101
0001000010000110
0000111111000110
0000111101110011
0000111111001111
0001000000001111
0000111111111101
0001000001010000
0001000010100001
0001000000010001
0000111100111111
0000111101100110
0001000001110111
0001000011111110
0001000000111000
0000111101001110
0000111101111011
0001000000011101
0001000000101110
0001000000100000
0001000001110011
0001000001110010
0000111110110110
0000111100011011
0000111110010100
0001000010100110
0001000011011101
0001000000001101
0000111101111100
0000111110110010
0001000000000000
0001000000010011
0001000001100111
0001000010010100
0000111111011010
0000111100001111
0000111110000000
0001000011000110
0001000100001101
0000111111001000
0000111011110011
0000111111011001
0001000010101011
0001000000100100
0000111110110100
0001000001001101
0001000010001011
0000111110010000
0000111100000001
0000111111111100
0001000011111100
0001000010010110
0000111110101000
0000111101110110
0000111111110110
0001000000111111
0000111111111101
0000111111111011
0001000001011110
0001000000010010
0000111101010000
0000111110100100
0001000011000011
0001000011010000
0000111110110000
0000111100101111
0000111111101110
0001000001100111
0000111111101100
0000111111101101
0001000010011000
0001000001010110
0000111101000101
0000111100110001
0001000001010010
0001000100001100
0001000001001111
0000111101001000
0000111110000111
0001000001010011
0001000000111111
0000111111010011
0001000000010100
0001000001100001
0000111111011111
0000111101100011
0000111111110110
0001000011000000
0001000010000010
0000111110110000
0000111101111100
0000111111010111
0001000000001000
0001000000011111
0001000001100011
0001000001101101
0000111111111010
0000111101010001
0000111101001110
0001000001011010
0001000100001010
0001000001000000
0000111101000001
0000111101101101
0001000000110100
0001000001110001
0001000000111110
0001000000101110
0000111111111111
0000111110100001
0000111110001111
0000111111111001
0001000010000100
0001000010000111
0000111111101101
0000111110001111
0000111110110010
0000111111101011
0001000000011001
0001000001100010
0001000001110010
0000111111011010
0000111101010011
0000111111001101
0001000010010101
0001000001110101
0000111111001110
0000111110100100
0000111111110000
0001000000011100
0001000000001110
0001000000000111
0001000000110010
0001000000110001
0000111110101100
0000111101110110
0001000000110010
0001000011001000
0001000001010111
0000111110010110
0000111101101100
0000111111001100
0001000000101000
0001000001001100
0001000001010111
0001000000001111
0000111110100100
0000111110110000
0001000000011110
0001000001100001
0001000000101101
0000111111010010
0000111111001100
0000111111111101
0000111111111000
0000111111111110
0001000001010010
0001000001010011
0000111110100110
0000111101010100
0001000000001001
0001000010111100
0001000010000001
0000111110111100
0000111101110111
0000111111100000
0001000000010111
0001000000000110
0001000001000010
0001000001100101
0000111111101101
0000111110000000
0000111110111101
0001000000111000
0001000001010100
0001000000011100
0000111111100101
0000111111011111
0001000000001001
0001000000011101
0001000000001101
0001000000001101
0000111111110011
0000111110111100
0000111111001110
0001000000101011
0001000001100001
0001000001000010
0000111111011100
0000111101111000
0000111110100110
0001000001001100
0001000010011001
0001000000100101
0000111110100110
0000111111000111
0001000000011100
0001000000000110
0000111111011010
0001000000010111
0001000001000110
0000111111110111
0000111110101110
0000111111101000
0001000001000001
0001000000111000
0000111111100110
0000111110111011
0000111111100011
0001000000110010
0001000000111100
0000111111111110
0000111111110100
0001000000000111
0000111111011101
0000111111001010
0001000000001111
0001000000111110
0001000000100010
0000111111110011
0000111111011011
0000111111011110
0001000000000111
0001000000110110
0001000000100011
0000111111100111
