0001000010110011
0000111101100111
0000111101110101
0001000001111100
0001000001010100
0000111101111011
0000111110011101
0001000001101101
0001000001111111
0000111111000010
0000111110011000
0001000001001100
0001000001111001
0000111110011111
0000111101101010
0001000001011010
0001000010010110
0000111110101001
0000111101101011
0001000001001001
0001000010111001
0000111111010111
0000111100011100
0001000000000001
0001000011100010
0001000000011110
0000111100111001
0000111111010001
0001000010111000
0001000001001001
0000111101000111
0000111110010101
0001000010011011
0001000010000001
0000111110011000
0000111110011001
0001000001111000
0001000001110101
0000111101110111
0000111101110000
0001000001110101
0001000010001111
0000111110101001
0000111101111110
0001000001100010
0001000010110100
0000111110101001
0000111100000001
0001000000110000
0001000100001000
0000111111010111
0000111011110110
0001000000010001
0001000100001011
0001000000000110
0000111011111010
0001000000000000
0001000100100010
0001000000010000
0000111011000111
0000111110101111
0001000100010010
0001000001101100
0000111011111010
0000111110100100
0001000100101001
0001000001100100
0000111011110011
0000111111001001
0001000011110111
0001000000011110
0000111100011000
0000111111001001
0001000011010011
0001000001100010
0000111101010111
0000111110001011
0001000010010101
0001000010011101
0000111110000000
0000111100101011
0001000001000100
0001000011101001
0000111111111100
0000111100100010
0000111111110011
0001000011010100
0000111111111100
0000111100011011
0001000000010100
0001000100000000
0001000000101010
0000111100100111
0000111110100111
0001000010001001
0001000000011010
0000111101110001
0001000000101000
0001000011011100
0000111111111101
0000111100111011
0001000000000010
0001000010101000
0000111111011000
0000111101000000
0000111111101001
0001000010010001
0001000001101111
0000111111011001
0000111101111011
0000111111110111
0001000001100100
0000111111000010
0000111101011000
0001000001000011
0001000011110010
0001000000011011
0000111101001000
0000111111000010
0001000001100011
0001000000010110
0000111101111110
0000111111001010
0001000010110010
0001000010011010
0000111110001001
0000111101101001
0001000001001000
0000111111101010
0000110101111111
0000110011111000
0001001100010001
0001100111010100
0001010011001011
0000011101010010
0000001101001111
0000110100001101
0001011111110110
0001101110011001
0001011011010010
0000101100011001
0000001010110001
0000011111001110
0001010100010110
0001110101100100
0001100100111110
0000101111110011
0000001100010011
0000011110010010
0001001010100011
0001101011001001
0001101100001010
0001000011010000
0000010000010110
0000001110101000
0000111110111110
0001101011101100
0001110001111101
0001001101001100
0000011001010110
0000001011110100
0000110001001010
0001011111000001
0001110011000011
0001011110001011
0000101000000110
0000000111110001
0000100011000011
0001010101010111
0001110000000001
0001100101100001
0000110111110101
0000001101111000
0000011000010110
0001000110101110
0001101001100010
0001101100111111
0001001000110010
0000010100001110
0000001011110010
0000111001011111
0001101001001110
0001110100000101
0001010001010100
0000011010011011
0000001001111110
0000101110101001
0001011101001110
0001110100011011
0001100001100101
0000101000000111
0000000011111001
0000100000011001
0001011000000010
0001110110000101
0001100110011101
0000110001110010
0000001000111110
0000011000111111
0001001011000011
0001101111001001
0001101111000010
0001000011011111
0000001100010101
0000001010100001
0000111111111010
0001101111000110
0001110100011001
0001001110000100
0000010101111111
0000000110101111
0000110000101010
0001100010110111
0001110111001010
0001011111110011
0000100100000011
0000000001010101
0000100010110000
0001011011011101
0001110101100001
0001100100111100
0000110000111110
0000000111000111
0000010111011011
0001001011101100
0001110010001001
0001110001110001
0001000001110010
0000001000100010
0000001001111101
0001000001011100
0001110000000101
0001110100100110
0001001101110100
0000010110010110
0000000110110100
0000101111000001
0001100011000100
0001111001111001
0001011111011111
0000100001000011
0000000000000000
0000100010111110
0001011011100111
0001110101100001
0001100101101010
0000110011001111
0000001000011010
0000010110010001
0001001010010010
0001110010000010
0001110010000000
0001000001011000
0000001001000000
0000001100001101
0001000010011110
0001101101110010
0001110010011111
0001001110000100
0000010110111000
0000000110110011
0000101111111010
0001100011100000
0001111000100101
0001011101110110
0000100001010110
0000000010110011
0000100100001110
0001011001100101
0001110101000010
0001100111010110
0000110010101100
0000000110100001
0000010110000101
0001001100111101
0001110100000001
0001101111010001
0000111101100000
0000001001011110
0000001111101000
0001000100001001
0001101100101001
0001110001010110
0001001110011111
0000010110010110
0000000101101100
0000110000110100
0001100101011001
0001111000010010
0001011100000110
0000100000111001
0000000011101010
0000100101000000
0001011001000001
0001110011110110
0001101000000101
0000110011101101
0000000101010000
0000010101100111
0001001101110101
0001110100100001
0001101111111100
0000111101110010
0000001000111111
0000001111011010
0001000011011000
0001101011111011
0001110010100110
0001010000000100
0000010110100111
0000000100110110
0000101111100111
0001100101010101
0001111010100000
0001011101110100
0000011111100110
0000000001110111
0000100100111010
0001011001010110
0001110100010111
0001101001011010
0000110100011000
0000000011110111
0000010011001111
0001001101001000
0001110110000001
0001110000101111
0000111101111010
0000001001111100
0000001110101011
0001000000101001
0001101010110100
0001110100000000
0001010001110001
0000010110101010
0000000011101000
0000101110110010
0001100100111101
0001111010101010
0001011110001111
0000011111110100
0000000010001110
0000100100111011
0001011001000010
0001110100101000
0001101001010010
0000110100010101
0000000100011111
0000010010101100
0001001100100101
0001110110011110
0001110000010010
0000111101111011
0000001100000000
0000001111010001
0000111111000011
0001101010111110
0001110101110100
0001010001110111
0000010100110010
0000000001111010
0000101111110001
0001100111110011
0001111001110111
0001011011001100
0000100000010001
0000000011011111
0000100100000010
0001011000001100
0001110100101101
0001101010000101
0000110100011001
0000000011001011
0000010011100100
0001001110111000
0001110101100100
0001101110001100
0000111110010001
0000001101010101
0000001111010011
0000111101011001
0001101001101111
0001110111001111
0001010011101000
0000010100000000
0000000000100100
0000110000100111
0001101001000001
0001111001000111
0001011010000111
0000100001100000
0000000101010011
0000100010111001
0001010101010110
0001110100101100
0001101100010001
0000110100110000
0000000010011010
0000010011010101
0001001110010010
0001110101000000
0001101111001001
0000111111011100
0000001100111111
0000001110000011
0000111101011111
0001101011001100
0001110110111101
0001010001100101
0000010011010001
0000000010010010
0000110001101100
0001100111011000
0001110111111001
0001011011101110
0000100010001100
0000000100000011
0000100010111101
0001010111000011
0001110101100010
0001101011000010
0000110011011001
0000000011000110
0000010100100111
0001001101011111
0001110011111101
0001110000000100
0000111111101001
0000001011100110
0000001111000010
0000111111000010
0001101001101001
0001110101010010
0001010001001110
0000010011100101
0000000100001101
0000110010100010
0001100101011111
0001110111010011
0001011101001110
0000100010100011
0000000011001100
0000100011000100
0001011000001111
0001110101011111
0001101001000110
0000110010110110
0000000101000001
0000010101110001
0001001100101101
0001110011001110
0001101111111001
0000111111100010
0000001011101001
0000001111000101
0000111111101011
0001101010101101
0001110101000110
0001010000001100
0000010011101100
0000000100111011
0000110010110011
0001100101101000
0001110110010001
0001011011111100
0000100011100010
0000000011111000
0000100000111010
0001010110110110
0001110111000101
0001101010111000
0000110010001001
0000000011001001
0000010110011010
0001001110011111
0001110001101101
0001101101001100
0001000001100110
0000001110111010
0000001100111110
0000111100110101
0001101011111000
0001110101101111
0001001111101110
0000010101100001
0000000110010110
0000110001011110
0001100011011100
0001110110001100
0001011101101001
0000100011100111
0000000010101011
0000100001110111
0001011000111011
0001110110010101
0001101000100101
0000110010011100
0000000101001110
0000010110010101
0001001100011101
0001110000010011
0001101110001001
0001000010101010
0000001110010110
0000001101100001
0000111101111111
0001101010100101
0001110100010110
0001010000100010
0000010110001010
0000000101111110
0000110001100001
0001100011111010
0001110100110111
0001011100001101
0000100100111111
0000000011110101
0000100000111010
0001011000101001
0001110110101000
0001101000001001
0000110010110100
0000000110001100
0000010101111101
0001001011011100
0001110000111001
0001101111100100
0001000011001011
0000001101011000
0000001011111100
0000111101101001
0001101011011100
0001110101000110
0001010000101100
0000010101011100
0000000101000000
0000110001100111
0001100100001101
0001110101011111
0001011101000010
0000100100001011
0000000010110110
0000100001111101
0001011001101101
0001110110000110
0001100110111011
0000110001111111
0000000110110000
0000010111000111
0001001011000101
0001101111101000
0001101111110011
0001000100011111
0000001101010001
0000001011001010
0000111110001111
0001101011110011
0001110100100101
0001001111111101
0000010100011111
0000000110010101
0000110100010010
0001100010110110
0001110010010110
0001011101111101
0000100110110010
0000000010101011
0000011111101001
0001011000110110
0001110111111001
0001100111011011
0000110000000010
0000000111001001
0000011001001111
0001001010101001
0001101110010110
0001110000001010
0001000100011000
0000001100011001
0000001010110011
0000111110011010
0001101100111001
0001110100111111
0001001111000010
0000010101100000
0000000111101111
0000110010100111
0001100001101001
0001110011001011
0001011110010010
0000100111001110
0000000010101100
0000011111000111
0001011001111100
0001111000010101
0001100101111001
0000101111110101
0000001000010000
0000011001000110
0001001010000100
0001101110101100
0001110000111010
0001000100110001
0000001011100011
0000001001011000
0000111111001111
0001101101111111
0001110010100100
0001001101101101
0000011000110001
0000001001010011
0000101111101001
0001100000001000
0001110101011000
0001011111000110
0000100101000101
0000000010100001
0000100000111101
0001011001100111
0001110110001101
0001100101011011
0000110010010111
0000001001110011
0000010110111110
0001001000111000
0001110000010011
0001110000110001
0001000010011101
0000001100011110
0000010011000101
0001001011101000
0001100101000110
0001001100101100
0000110110101110
0000111010011001
0000111111101100
0000111001111011
0000111011001010
0001001000101100
0001001010010101
0000111010001101
0000110011001001
0000111110110010
0001001000010010
0001000100011011
0000111110110010
0000111111001010
0000111110101110
0000111010111110
0000111100000100
0001000011101110
0001000111001011
0001000001000001
0000111010000000
0000111010010010
0000111111011000
0001000011101011
0001000011010010
0001000000001000
0000111110111110
0000111101101110
0000111100000010
0000111111000111
0001000100010010
0001000011111011
0000111101011110
0000111000000101
0000111100100001
0001000110011110
0001000111111110
0000111111110110
0000111001010011
0000111001111100
0000111111000101
0001000100100001
0001000110000111
0001000001111001
0000111011101000
0000111001001111
0000111101001011
0001000100000101
0001000110010110
0001000001100000
0000111011111100
0000111011011100
0000111110100001
0001000000111011
0001000010001001
0001000011000101
0001000000100001
0000111011011011
0000111100000001
0001000001111110
0001000011010100
0000111111101110
0000111110101011
0001000000001010
0000111111111100
0000111110000001
0000111101101100
0001000000111100
0001000011000000
0000111111100101
0000111101011100
0000111111110001
0001000000101011
0000111111100110
0000111111001011
0000111111011110
0001000001011000
0001000001010100
0000111101001011
0000111101010011
0001000010000011
0001000001100100
0000111101110101
0000111110111000
0001000001101000
0000111111110111
0000111101010001
0000111111001001
0001000010011111
0001000001111100
0000111110001100
0000111100101000
0000111111110001
0001000001001111
0000111110110101
0001000000000101
0001000011001001
0001000000001101
0000111011100011
0000111100101111
0001000001100111
0001000011010011
0001000000001101
0000111101111100
0000111111100101
0001000000000001
0000111101001010
0000111101110010
0001000010111011
0001000011101011
0000111110000000
0000111011001111
0000111111101100
0001000011011011
0001000000010110
0000111100111011
0000111111101101
0001000001111100
0000111110110100
0000111101100111
0001000000110111
0001000010001000
0000111110111111
0000111100010100
0000111110101001
0001000010110001
0001000010001000
0000111110110011
0000111110000111
0000111111100100
0000111111101001
0000111110001000
0000111110110000
0001000001110110
0001000001100111
0000111101101011
0000111101011111
0001000001010010
0001000001110000
0000111110110101
0000111110000101
0000111111111101
0001000001100001
0000111111101100
0000111101010000
0000111111011110
0001000001111110
0000111111001100
0000111100101001
0000111111100001
0001000010110011
0001000001000000
0000111101010010
0000111110011110
0001000001110000
0000111111111110
0000111100100101
0000111110111001
0001000010110000
0001000001000110
0000111101110100
0000111111000101
0001000001000101
0000111111010011
0000111101101001
0000111111100000
0001000010000000
0001000000111011
0000111101011111
0000111101100111
0001000001011101
0001000001110101
0000111110010101
0000111101110000
0001000000100101
0001000001000111
0000111110011010
0000111101100110
0001000001001110
0001000010110100
0000111110000101
0000111011000010
0000111111010001
0001000011111000
0001000001111100
0000111101011100
0000111101111100
0001000000011101
0000111110101011
0000111101100110
0001000001110110
0001000011110000
0000111111011111
0000111011111010
0000111101011101
0001000000101100
0001000001110010
0001000000011011
0000111111000101
0000111111001110
0000111110011001
0000111101101101
0001000000010011
0001000010111110
0001000001011111
0000111101000001
0000111011010010
0000111111010010
0001000011100110
0001000010011101
0000111110101000
0000111101100011
0000111110110100
0000111110100101
0000111110111111
0001000010100001
0001000011000101
0000111110001101
0000111011001010
0000111101101110
0001000001100001
0001000010001001
0001000000101101
0000111111101000
0000111110100011
0000111101011011
0000111101111110
0001000000111010
0001000011001010
0001000000110110
0000111100010011
0000111100100001
0001000000110110
0001000010011010
0001000000010011
0000111110111111
0000111111001111
0000111110110010
0000111101111010
0000111111001000
0001000010010101
0001000010100111
0000111110011011
0000111011101110
0000111101111000
0001000001000001
0001000010000010
0001000000101101
0000111110110000
0000111110101001
0000111110101000
0000111101111001
0001000000100111
0001000100000000
0001000001000111
0000111011010000
0000111011010011
0001000000111101
0001000011101110
0001000000110111
0000111101111110
0000111110000111
0000111110111111
0000111110101010
0000111111001100
0001000001111010
0001000010100000
0000111110100100
0000111011100100
0000111110000000
0001000010000010
0001000001101010
0000111111001001
0000111111101000
0000111111001110
0000111100011111
0000111110000001
0001000010101111
0001000011011110
0000111111110000
0000111011101110
0000111100010101
0001000001011100
0001000011001001
0000111111111001
0000111110100111
0000111111011001
0000111110000101
0000111100110111
0000111111100001
0001000011011001
0001000010011000
0000111101010011
0000111011111110
0001000000000110
0001000001111000
0000111111100010
0000111111001011
0001000000101101
0000111111011001
0000111101001100
0000111110010001
0001000001111011
0001000011010001
0000111110110111
0000111010110110
0000111110000101
0001000010100101
0001000001001010
0000111110011010
0000111111001101
0001000000101000
0000111111000111
0000111101001100
0000111110101001
0001000010101010
0001000010101110
0000111100101011
0000111010101111
0001000001000110
0001000100000011
0000111111011000
0000111100111000
0000111111101000
0001000000100100
0000111100111100
0000111101010010
0001000011110000
0001000100100100
0000111100110101
0000111001101110
0000111111011110
0001000011010000
0001000000010000
0000111110000010
0001000000100101
0001000001100011
0000111101001110
0000111011000101
0001000001000011
0001000101010000
0001000000000000
0000111010010100
0000111100110101
0001000010010101
0001000001110100
0000111110010110
0000111111110001
0001000001101101
0000111110001010
0000111011011001
0000111111000101
0001000011110100
0001000010000010
0000111100000100
0000111011101001
0001000000110101
0001000010010111
0000111111010110
0000111110111001
0001000001001011
0000111111111001
0000111011111110
0000111100101000
0001000010000111
0001000100010100
0000111111100010
0000111011000100
0000111110011010
0001000010011110
0000111111010101
0000111101001100
0001000001000010
0001000001111010
0000111101100111
0000111100010001
0001000000011000
0001000100000010
0001000000101101
0000111010111000
0000111100010001
0001000010001110
0001000010000011
0000111101110101
0000111111001100
0001000010110110
0000111111000011
0000111001011001
0000111101011110
0001000100110001
0001000011101001
