0001000000111101
0000111111001010
0000111110010000
0001000000001101
0001000001111100
0001000000110000
0000111110111111
0000111111100111
0001000001000110
0001000000010100
0000111110101010
0000111111100111
0001000001101001
0001000000111101
0000111111010100
0000111111111100
0001000001000001
0000111111111010
0000111110011001
0000111111110010
0001000010010000
0001000001011111
0000111111000001
0000111111010001
0001000000111110
0001000000010101
0000111110100001
0000111111010100
0001000001110011
0001000001111011
0000111111100011
0000111110011110
0001000000000011
0001000001000101
0000111111110010
0000111111010011
0001000001001111
0001000001110110
0000111111100010
0000111110000101
0001000000010000
0001000010001111
0001000000001110
0000111101101010
0000111111011010
0001000010001000
0001000001000000
0000111110101101
0000111111110100
0001000001101110
0000111111111001
0000111101111011
0001000000001100
0001000010011000
0001000000011000
0000111110010001
0000111111110110
0001000010011000
0001000001000111
0000111110000010
0000111110100101
0001000001100000
0001000001111101
0000111111110010
0000111110100011
0001000000000011
0001000001011000
0000111111111101
0000111110110100
0001000000010010
0001000001100111
0001000000110110
0000111111110011
0000111111110110
0000111111101100
0000111110110100
0000111111011010
0001000001001110
0001000001010010
0001000000001010
0001000000001111
0001000000010011
0000111111101011
0000111111100011
0000111111110010
0001000000101111
0001000001011011
0001000000000000
0000111110100011
0000111111111010
0001000001101111
0001000000101010
0000111110000011
0000111110101100
0001000010001111
0001000010100010
0000111111001100
0000111110001101
0001000000111000
0001000001110010
0000111111001100
0000111110000100
0001000000100011
0001000010000110
0001000000011110
0000111111000101
0000111111110011
0001000000101111
0001000000000101
0000111111001111
0001000000000101
0001000001010100
0001000000100110
0000111111001110
0000111111110110
0001000000111001
0000111111111001
0000111110110011
0000111111111100
0001000001100110
0001000001010100
0000111111100011
0000111111000001
0001000000010000
0001000000010011
0000111110111010
0000111111001101
0000111111101111
0000111011011010
0000111001011011
0001001011100001
0001100001101101
0001001101100010
0000010110011010
0000000110001001
0000111100111011
0001111101100010
0001111100011111
0000111100111000
0000000100100101
0000001000101001
0000111100110100
0001101111100000
0001110111111000
0001010000110101
0000011000001011
0000000000110100
0000100110011111
0001100110011000
0010000000000000
0001011100011111
0000100000010101
0000000011001110
0000011110101011
0001010110110010
0001111000111110
0001101000111101
0000110011111101
0000000111010000
0000001111101101
0001000111011010
0001110111001101
0001110001001001
0000111101111110
0000001110010101
0000001110100010
0000111011010110
0001101001101010
0001110001110111
0001001110101011
0000011100000001
0000001000101111
0000101011110101
0001100011000000
0001110110010011
0001010110010101
0000100011010011
0000001010101010
0000100011100000
0001010111110100
0001110111000010
0001100011011100
0000101100111000
0000000101011101
0000010110010000
0001010000100101
0001111001111011
0001101011001000
0000110110001000
0000001011010101
0000010000010110
0001000000001001
0001110000010101
0001110101011111
0001001001010111
0000010000111110
0000000100000000
0000110010001110
0001101100111101
0001111010010001
0001010010001100
0000011100000010
0000000110100101
0000100100010010
0001011011101111
0001111011010101
0001100100100111
0000101001001111
0000000000110111
0000010110010110
0001010100010000
0001111100000101
0001101010011101
0000110100111110
0000001010011011
0000001111001101
0001000000011010
0001110010110011
0001110110110010
0001000111111111
0000001111110011
0000000100000110
0000110010011011
0001101101011000
0001111011001111
0001010010010110
0000011010011010
0000000101011110
0000100110001101
0001011110110011
0001111010101010
0001100000011001
0000100111101001
0000000011110110
0000011000111010
0001010011111000
0001111010101000
0001101001011011
0000110100010111
0000001010011001
0000010000001010
0001000010000100
0001110011010011
0001110100110101
0001000101001001
0000001111110001
0000000111110100
0000110101001111
0001101011101001
0001110111110011
0001010001111110
0000011100011011
0000000110010100
0000100101101100
0001011110011100
0001111010010000
0001011111101101
0000100111110010
0000000101010011
0000011001110110
0001010010010001
0001111000110001
0001101010100111
0000110110010001
0000001001100111
0000001110110010
0001000010110101
0001110100011001
0001110100000010
0001000011111110
0000010000001011
0000001000110101
0000110101010000
0001101011000010
0001110111011011
0001010010001111
0000011100100101
0000000101000110
0000100101001000
0001100000111111
0001111100011101
0001011101110010
0000100100110111
0000000101111011
0000011100110111
0001010010111010
0001110110001000
0001101000100100
0000110111010001
0000001011011010
0000001111000000
0001000011000000
0001110100110100
0001110010010000
0001000001011000
0000010000101010
0000001011110010
0000110111011000
0001101001111110
0001110100011111
0001010000100000
0000011100111010
0000000111001000
0000100111011111
0001100000110001
0001111001110110
0001011100101011
0000100110000100
0000000111000001
0000011100011111
0001010010110001
0001110111000000
0001101000110100
0000110101100100
0000001010001111
0000010000110010
0001000101001001
0001110100001100
0001110000010100
0001000000101101
0000010001011001
0000001100101000
0000110111111000
0001101011000010
0001110101000111
0001001110111001
0000011010110011
0000000111000000
0000101000010010
0001100001011101
0001111010111001
0001011100110101
0000100100011011
0000000101101100
0000011101001111
0001010100011110
0001110111100010
0001100111010100
0000110100000111
0000001010101110
0000010010010011
0001000101110011
0001110011011101
0001101111100100
0001000000110010
0000010001010100
0000001100010111
0000111000000100
0001101011000010
0001110101010011
0001001111101000
0000011010101000
0000000101111000
0000101000100001
0001100011000010
0001111011000010
0001011011010000
0000100011111000
0000000110110110
0000011101111100
0001010011101101
0001110110101110
0001100111101001
0000110100110001
0000001010100001
0000010000111111
0001000100111111
0001110101001101
0001110001101001
0000111111111111
0000001111101010
0000001100011101
0000111000100000
0001101010011111
0001110100100010
0001001111111011
0000011011101011
0000000101111101
0000100111101100
0001100010111100
0001111011001010
0001011010110000
0000100011100011
0000000111010101
0000011111000010
0001010100011000
0001110101111100
0001100110100110
0000110101001111
0000001011100001
0000010001001100
0001000101000000
0001110100110000
0001110000000010
0000111111001000
0000010000111010
0000001101110011
0000111000101110
0001101010010010
0001110011101110
0001001111001001
0000011100010101
0000000111100011
0000101000001101
0001100001101001
0001111001111101
0001011011000111
0000100100001011
0000000110101111
0000011110001100
0001010101001010
0001110111110000
0001100110101101
0000110010111100
0000001001110011
0000010010010111
0001000111001111
0001110100100110
0001101110100001
0000111111010110
0000010010000110
0000001101101101
0000110111100010
0001101001111001
0001110100101110
0001001111010101
0000011011000101
0000000111011110
0000101001100111
0001100010010100
0001111001100000
0001011010011110
0000100011111011
0000000111001001
0000011110010111
0001010100001011
0001110111000111
0001101000000000
0000110100011010
0000001001100101
0000010001001011
0001000110010101
0001110101011000
0001110000001000
0000111110111101
0000010000010000
0000001101010110
0000111000110101
0001101010011111
0001110100001001
0001001111010110
0000011011010111
0000000110101100
0000101000110010
0001100010001111
0001111001110101
0001011011011010
0000100100111001
0000000110111011
0000011101101100
0001010100010000
0001110111010000
0001100111101001
0000110100010100
0000001001101000
0000010001000001
0001000101111101
0001110100011010
0001101111101101
0001000000100010
0000010010001101
0000001100110101
0000110110011111
0001101010000110
0001110110001011
0001001111111000
0000011001110100
0000000110100000
0000101010000101
0001100010010000
0001111000011111
0001011011000000
0000100101110011
0000000111000011
0000011100100011
0001010100010011
0001111001000001
0001101000000010
0000110010101001
0000001000111111
0000010010001010
0001000110111001
0001110100100011
0001101111011011
0000111111111010
0000010001011110
0000001100100011
0000110110111000
0001101010011110
0001110101111000
0001001111111100
0000011011010011
0000000110111100
0000101000010100
0001100001011001
0001111001101000
0001011011111110
0000100101110111
0000000110100010
0000011011110010
0001010100001110
0001111001011010
0001100111111010
0000110010001000
0000001001100000
0000010011011111
0001000110010111
0001110010000000
0001101110111101
0001000010110110
0000010010111001
0000001010010001
0000110101011101
0001101100011000
0001110111101011
0001001110011101
0000011000110000
0000001000000011
0000101011011111
0001100000011000
0001110110001011
0001011100010001
0000101000111101
0000000111011101
0000011001110101
0001010010101111
0001111010001101
0001101000101111
0000110001110001
0000001001101100
0000010100010000
0001000110000111
0001110001011001
0001101111010001
0001000011011010
0000010010101101
0000001001001100
0000110101000101
0001101101111111
0001111000110101
0001001101011010
0000010111110000
0000000111101110
0000101011010100
0001100001000111
0001110110110011
0001011011110100
0000101000101001
0000000111111100
0000011010001011
0001010010010010
0001111001100010
0001101000110111
0000110001111101
0000001001010100
0000010100011001
0001000110101001
0001110000111010
0001101110011000
0001000011011010
0000010011101001
0000001010010000
0000110100011100
0001101100001110
0001111000010111
0001001110000000
0000011000101010
0000001001001100
0000101011001111
0001011110111100
0001110101111101
0001011101001000
0000101001011011
0000000111000010
0000011001100011
0001010010111110
0001111001110001
0001100111101011
0000110001111100
0000001010111011
0000010100110111
0001000101100001
0001110000000110
0001101111000001
0001000100010100
0000010011001010
0000001001011011
0000110101010111
0001101101000010
0001110111100101
0001001101011111
0000011000110100
0000001000111011
0000101010101111
0001011110111011
0001110110011100
0001011101101011
0000101001011111
0000000111000011
0000011001111100
0001010011000010
0001111000110001
0001100111000100
0000110011001001
0000001100000100
0000010100001011
0001000100101000
0001110000100001
0001101111001001
0001000011001100
0000010010101000
0000001010010110
0000110110010110
0001101100011111
0001110101111100
0001001101101110
0000011011111100
0000001011011110
0000101110101001
0001100011111110
0001101100010000
0000111110011010
0000011010001101
0000101100100010
0001010100001000
0001011001001110
0000111100111101
0000101011011000
0000110110000001
0001000110001101
0001001001101111
0001000110010110
0001000010111010
0000111011111111
0000110100011111
0000111000001011
0001000110100100
0001001111011001
0001000111100010
0000110111011111
0000110001000011
0000111010000010
0001000110101110
0001001011000100
0001000110101111
0000111111000010
0000110111100011
0000110101011100
0000111101000010
0001001000100010
0001001100000101
0001000011011010
0000110111111010
0000110110000010
0000111101011001
0001000100001000
0001000110011101
0001000110001000
0001000001011110
0000111000101001
0000110100111111
0000111110001011
0001001010111111
0001001011001101
0000111111011110
0000110110111011
0000111000111000
0000111111010101
0001000011110011
0001000101100001
0001000011100101
0000111101110011
0000111001110110
0000111100111110
0001000011011111
0001000101000100
0001000000011000
0000111100100001
0000111101110000
0001000000101001
0001000001101111
0001000001010101
0001000000101010
0000111110111001
0000111100110001
0000111110011100
0001000011100101
0001000101010001
0001000000101101
0000111011011001
0000111011001011
0000111111100001
0001000011001100
0001000011010001
0001000001011010
0000111111011001
0000111101010010
0000111100110111
0001000000010101
0001000100100010
0001000011010110
0000111101100011
0000111011001111
0000111111010010
0001000011001110
0001000010110000
0001000000101010
0000111111000101
0000111101000111
0000111100011111
0001000000011110
0001000101101001
0001000100101010
0000111110001010
0000111010010100
0000111101011110
0001000010010111
0001000010011101
0001000000001011
0001000000000001
0001000000001110
0000111110110011
0000111110011011
0001000000101001
0001000010101000
0001000001001110
0000111110001101
0000111110000101
0001000000010011
0001000001000100
0001000000101010
0001000000110001
0000111111111010
0000111110010000
0000111110101000
0001000000101011
0001000010001101
0001000001101100
0000111111100110
0000111110010111
0000111110110011
0000111111011010
0000111111111111
0001000001011010
0001000010011011
0001000000110000
0000111101101010
0000111101101010
0001000000100101
0001000010000001
0001000000110011
0000111111100000
0000111111100100
0000111111111101
0000111111100010
0000111111100100
0001000001001101
0001000001110100
0000111111001100
0000111100111101
0000111110111111
0001000010000011
0001000010001111
0001000000101001
0000111111011101
0000111110111111
0000111110100111
0000111111000110
0001000001010001
0001000010100110
0001000000011100
0000111101111001
0000111110101010
0001000001000010
0001000001000010
0000111111010011
0000111111100100
0001000001011110
0001000001000011
0000111110000000
0000111101011101
0001000001011111
0001000011110011
0001000000100110
0000111101010111
0000111110001001
0001000000001111
0001000000101110
0001000000010101
0001000001001111
0001000010000000
0000111111010000
0000111100001101
0000111110001100
0001000010110111
0001000011110111
0001000000100101
0000111101001111
0000111101010001
0000111111111101
0001000001011100
0001000001001001
0001000001001011
0001000000100001
0000111110001010
0000111101010011
0000111111111001
0001000010111000
0001000010010001
0000111111000101
0000111101011111
0000111111000100
0001000001001101
0001000001011000
0001000000010111
0001000000001000
0000111111100010
0000111110011000
0000111111000111
0001000001101000
0001000010011000
0001000000000111
0000111101111011
0000111110101101
0001000000100011
0001000000011010
0000111111111101
0001000001001000
0001000001001101
0000111110100011
0000111101010110
0000111111111111
0001000010110001
0001000001110000
0000111110111010
0000111110001001
0000111111010010
0001000000000001
0001000000100010
0001000001001100
0001000001000110
0000111111101001
0000111110000010
0000111110101001
0001000001010101
0001000010011000
0001000000010111
0000111110110010
0000111110111000
0000111111001100
0000111111101100
0001000000111100
0001000001110001
0001000000011000
0000111110001100
0000111111001000
0001000001100101
0001000000111111
0000111110110110
0000111110111000
0001000000011111
0001000000110010
0000111111100110
0000111111101001
0001000001001101
0001000000110011
0000111110001111
0000111101110001
0001000000100011
0001000010011110
0001000000111100
0000111110110101
0000111111001010
0001000000010001
0000111111100110
0000111111001010
0001000001000101
0001000010011111
0001000000011100
0000111101101100
0000111110000111
0001000000100010
0001000001100101
0001000000100001
0000111111010011
0000111111011110
0001000000000011
0001000000000010
0001000000100100
0001000001010100
0001000000010100
0000111110101011
0000111110101010
0001000000000111
0001000001000010
0001000000001001
0000111111101000
0001000000110100
0001000000100010
0000111110001110
0000111110000101
0001000000110111
0001000010110101
0001000001011111
0000111110011101
0000111101100011
0000111111011110
0001000001000011
0001000000111011
0001000000100011
0000111111111001
0000111111000111
0000111111100010
0001000000101000
0001000000111100
0000111111111010
0000111110100101
0000111111001101
0001000000111110
0001000000110101
0000111111110110
0001000000100111
0001000001000101
0000111111000010
0000111101010011
0000111111001000
0001000010000001
0001000001111110
0000111111111011
0000111111001011
0000111111111001
0000111111011010
0000111110101101
0001000000001111
0001000001110101
0001000000111100
0000111111000110
0000111110100101
0000111111110100
0001000001000001
0001000000010000
0000111111100110
0001000000100011
0001000000100100
0000111110110011
0000111110011111
0001000000110111
0001000001111110
0000111111100111
0000111101111010
0000111111110000
0001000001010010
0001000000000011
0000111111001011
0001000000110000
0001000001111010
0000111111100100
0000111100101000
0000111110101011
0001000011001010
0001000010101111
0000111111000110
0000111110010010
0000111111001100
0000111111001110
0000111111111100
0001000001011110
0001000001111000
0001000000010011
0000111110001011
0000111110001011
0001000000101110
0001000001111011
0000111111110100
0000111110001110
0000111111100111
0001000000110110
0000111111111111
0000111111101010
0001000001000111
0001000001011101
0000111110111000
0000111100111010
0000111110111110
0001000010100000
0001000010111110
0001000000000110
0000111101110010
0000111110001101
0000111111011110
0001000000001001
0001000001010101
0001000010000110
0001000000010000
0000111101101101
0000111110011100
0001000001001111
0001000001011010
0000111111010000
0000111111010111
0001000000111110
0001000000000010
0000111110001110
0000111111100101
0001000010010101
0001000001100011
0000111101100011
0000111100101000
0001000000100000
0001000011001000
0001000001101110
0000111111111001
0000111111001101
0000111110001011
