0001000010000110
0000111110001000
0000111101011111
0001000001111010
0001000011000111
0000111110011011
0000111100110001
0001000001010100
0001000011000011
0000111110101101
0000111100110011
0001000001000111
0001000011101110
0000111111011100
0000111011110000
0000111111100111
0001000100010011
0001000001010100
0000111100010001
0000111110011011
0001000011001011
0001000001100001
0000111101010110
0000111110100110
0001000010001001
0001000000110001
0000111101100010
0000111111011000
0001000010111001
0001000001000111
0000111101010101
0000111110011000
0001000010001111
0001000001110000
0000111101101011
0000111110000000
0001000010101101
0001000010110100
0000111101111110
0000111101000100
0001000001010001
0001000010101001
0000111110100111
0000111100110100
0001000001001000
0001000011111001
0000111111110111
0000111100001110
0000111111000111
0001000010110101
0001000000101111
0000111101010000
0000111111101101
0001000011100010
0001000001001100
0000111100111111
0000111110011001
0001000001111011
0001000000110000
0000111101111010
0000111111101100
0001000010110110
0001000000100101
0000111100101010
0000111110100010
0001000010111010
0001000001101101
0000111101011010
0000111110010100
0001000010110101
0001000010110011
0000111110000100
0000111100011111
0001000000100110
0001000010111011
0000111111011100
0000111101100100
0001000001000110
0001000010110111
0000111111011011
0000111100111001
0000111111010101
0001000010001000
0001000000101000
0000111110001011
0000111111111010
0001000011000101
0001000001010010
0000111100101000
0000111101011001
0001000010000111
0001000001111100
0000111110000010
0000111110011011
0001000010100110
0001000010110011
0000111101111101
0000111100010101
0001000000100101
0001000010110000
0000111111111110
0000111110010001
0001000000101011
0001000010010100
0000111111011110
0000111101000010
0000111111011011
0001000010000000
0001000000110001
0000111110111110
0000111111111000
0001000001010111
0001000000010101
0000111110011111
0000111111000100
0001000000110011
0001000000011100
0000111110110110
0000111111111000
0001000010001111
0001000000111111
0000111101101110
0000111110001010
0001000001001100
0001000001100000
0000111111001100
0000111110110011
0001000000001100
0000111100110111
0000110111001111
0001000010100000
0001011011111100
0001011001011000
0000101010001110
0000000111100110
0000100110001101
0001100111010101
0010000000000000
0001010101110001
0000010111001001
0000000011111111
0000101001101110
0001100000000100
0001111000101011
0001011111111100
0000101000110001
0000000100011101
0000011001001010
0001010100000011
0001111010111001
0001101001001010
0000110011000111
0000001010100101
0000010011100101
0001000101001001
0001110010011100
0001110001011001
0001000010100010
0000010000000011
0000001010010111
0000111001001000
0001101111110111
0001110111110110
0001001010111010
0000010101100010
0000001000011100
0000101110101011
0001100100110101
0001111000011011
0001011000011001
0000100011000011
0000001000101111
0000100001100011
0001010101110100
0001110101111001
0001100101001110
0000110011010100
0000001100110100
0000010101110110
0001000110101011
0001110010100000
0001101111010011
0000111111001101
0000001111000001
0000001101110001
0000111101000101
0001101111000000
0001110100001001
0001001010010011
0000010111001111
0000001000100010
0000101110010111
0001100110110100
0001111010011100
0001010111000111
0000011111100010
0000000110001111
0000100010000110
0001011010000000
0001111010011101
0001100100110110
0000101101110000
0000000111011011
0000010101010001
0001001011010001
0001111000100101
0001110001000011
0000111011000010
0000001010011000
0000001101011110
0000111111111001
0001110010000011
0001110100111011
0001000111111110
0000010100101101
0000001000001111
0000101111010001
0001101000100110
0001111100110110
0001011000001100
0000011101100111
0000000011001011
0000100001011011
0001011011110111
0001111100101111
0001100110011011
0000101100110110
0000000100001111
0000010100010010
0001001110000111
0001111010100010
0001101110110101
0000111001001001
0000001100001000
0000001110111001
0000111110010101
0001110000000001
0001110101001000
0001001010011010
0000010110001000
0000000111011000
0000101110000110
0001100110110100
0001111011001010
0001011000111100
0000100000001001
0000000101011101
0000100001100110
0001011000111001
0001111001101010
0001100110100001
0000101111110000
0000000111000100
0000010011110001
0001001010111000
0001111000010111
0001101111110101
0000111011100111
0000001100111101
0000001101101111
0000111100110110
0001101111100000
0001110110010101
0001001011111111
0000010110010101
0000000101111000
0000101011111010
0001100110100111
0001111101100000
0001011010011101
0000011111011100
0000000011111011
0000100000101100
0001011001010010
0001111010001111
0001100110101111
0000101111011110
0000000110100000
0000010100000110
0001001011101100
0001111000100110
0001101111101011
0000111010101101
0000001100001010
0000001110101101
0000111110010011
0001110000011101
0001110110010011
0001001001110000
0000010011101011
0000000110101001
0000101111101011
0001101000100101
0001111011011011
0001010111111100
0000011111000010
0000000100010010
0000100001010010
0001011010111111
0001111011100111
0001100101011000
0000101101000100
0000000110001111
0000010101011010
0001001100011000
0001111000100010
0001101111101111
0000111010111111
0000001011100111
0000001101000111
0000111101101110
0001110001110111
0001111000000001
0001001010001000
0000010010101110
0000000110000111
0000110000011001
0001101001010111
0001111010110000
0001010110001011
0000011110111011
0000000110100110
0000100010001011
0001011001000011
0001111010101010
0001100111001000
0000101110110100
0000000101001100
0000010011001111
0001001100000011
0001111001100001
0001110000101011
0000111011000000
0000001010011010
0000001100101010
0000111110101011
0001110010001011
0001110111100001
0001001010001001
0000010010111001
0000000101000101
0000101111010010
0001101010100000
0001111101000110
0001010110110100
0000011100111111
0000000100010001
0000100010011010
0001011011001111
0001111100000100
0001100110111001
0000101101010011
0000000011110111
0000010011010111
0001001101011001
0001111011010011
0001110001010000
0000111010000100
0000001001101010
0000001100010011
0000111110110010
0001110010101101
0001110111101111
0001001010011011
0000010010101100
0000000100000100
0000101110111101
0001101010011001
0001111100110100
0001010111100100
0000011110001101
0000000100100001
0000100001010111
0001011001100110
0001111011011011
0001101000000001
0000101110110111
0000000011110010
0000010010000010
0001001101001010
0001111011110110
0001110000111101
0000111001101011
0000001001111001
0000001100100010
0000111110111101
0001110010101110
0001110111010000
0001001001101110
0000010011011101
0000000110001000
0000101110101001
0001101000000100
0001111100111010
0001011001100110
0000011110001011
0000000001111111
0000100000000000
0001011100010000
0001111110001110
0001100110100101
0000101100001011
0000000011111011
0000010100000001
0001001101011010
0001111001111101
0001110000010001
0000111011011110
0000001011101001
0000001100001101
0000111100101100
0001110001010010
0001111000001011
0001001010110000
0000010011010110
0000000101100000
0000101110101110
0001101001001100
0001111100110010
0001010111111011
0000011101111111
0000000011100101
0000100001010001
0001011011110010
0001111100100111
0001100101011110
0000101100101000
0000000101101011
0000010100110101
0001001100101111
0001111001101010
0001110000000111
0000111010110001
0000001011001010
0000001100001101
0000111101100010
0001110001101111
0001110111010011
0001001010101011
0000010100001011
0000000101010111
0000101110000110
0001101000110100
0001111100110100
0001011000101101
0000011110010111
0000000010100110
0000100000100000
0001011100101010
0001111101100111
0001100101011010
0000101011110011
0000000100101101
0000010100110111
0001001101110101
0001111010010111
0001101111101101
0000111001011110
0000001010000111
0000001101001100
0000111111110001
0001110010111100
0001110110001001
0001001000011110
0000010011110000
0000000111000001
0000101111100001
0001101000111101
0001111100000010
0001010111001111
0000011101000111
0000000011010111
0000100010110110
0001011101001100
0001111100001111
0001100100101110
0000101011110100
0000000100101001
0000010100101011
0001001110000001
0001111011010010
0001110000000101
0000111000011011
0000001001100110
0000001101010101
0000111111011011
0001110011000011
0001110110101100
0001001000010100
0000010011011010
0000000111010111
0000101111111100
0001101000111011
0001111011101111
0001010111001101
0000011101100101
0000000011110101
0000100010010111
0001011100011011
0001111100001101
0001100100100001
0000101011100011
0000000101100010
0000010101111010
0001001101011110
0001111001100110
0001110000000011
0000111010000000
0000001001101101
0000001100100100
0001000000000101
0001110011100101
0001110101110000
0001000111010100
0000010011010101
0000000111111011
0000110000010111
0001101000011001
0001111011010011
0001010111100110
0000011110000011
0000000011110010
0000100010011001
0001011100101110
0001111011110101
0001100011011111
0000101011011111
0000000110010110
0000010110010011
0001001101011110
0001111001011001
0001101111011011
0000111001001111
0000001010001010
0000001101110010
0001000000100101
0001110011000001
0001110100101001
0001000110111010
0000010100001100
0000001000101011
0000101111111001
0001100111010001
0001111010110010
0001011000011000
0000011110010110
0000000011000111
0000100010100111
0001011101100010
0001111011010100
0001100001111101
0000101011000001
0000000111111110
0000010111110110
0001001100101010
0001111000000111
0001110000000000
0000111010000110
0000001001100101
0000001100101001
0001000000000000
0001110011110001
0001110101111111
0001000110111011
0000010011101000
0000001000111001
0000101111110000
0001100111010001
0001111011011000
0001010111110011
0000011101011100
0000000011110100
0000100011011100
0001011100111001
0001111010011100
0001100010110000
0000101100100110
0000000111101010
0000010101111110
0001001100010100
0001111001001110
0001101111110101
0000111001010100
0000001001111011
0000001101101111
0001000000001000
0001110010000101
0001110101000010
0001001000100010
0000010100100100
0000000111100110
0000101111001101
0001100111100011
0001111011001101
0001011000010001
0000011110100100
0000000011100001
0000100010100000
0001011101010000
0001111011011000
0001100010111011
0000101011001011
0000000110001111
0000010110111100
0001001101111010
0001111000111011
0001101111011000
0000111001101110
0000001001101010
0000001100111001
0000111111110111
0001110010100011
0001110101101001
0001001001001100
0000010100110100
0000000111000101
0000101110101011
0001100111011000
0001111011000000
0001011000001000
0000011110100010
0000000011101000
0000100010010101
0001011100110100
0001111011110010
0001100011110011
0000101100010001
0000000111100011
0000011001111011
0001010100001110
0001110101100000
0001010100110111
0000100001110000
0000011110001011
0001000011000110
0001011010001111
0001001100110111
0000110101110111
0000110010101111
0000111101001000
0001000010110000
0001000011101111
0001000110010110
0001000101001000
0000111011110000
0000110100110111
0000111010010110
0001000101111100
0001001010010111
0001000011101011
0000111010101110
0000111000001111
0000111011100010
0001000000101111
0001000101100101
0001000110011110
0001000000111010
0000111001101011
0000111000110110
0000111110110111
0001000100011111
0001000101000010
0001000001011110
0000111100111011
0000111010110000
0000111100011111
0001000001000001
0001000101001010
0001000101000100
0000111111010011
0000111000110011
0000111001010000
0001000001000011
0001000111100001
0001000101110001
0000111110011111
0000111000110001
0000111001001011
0000111111010100
0001000101111100
0001000110110001
0001000000110011
0000111010101001
0000111010101011
0000111110101000
0001000001100101
0001000011000101
0001000010111011
0000111111100100
0000111011011111
0000111011101010
0001000000000110
0001000011100110
0001000010111011
0000111111101011
0000111101000000
0000111101000110
0000111111100110
0001000010001000
0001000010100111
0001000000010110
0000111100111101
0000111100011011
0000111111111001
0001000010111011
0001000001101111
0000111110101111
0000111101111011
0000111110111100
0000111111110001
0001000000010010
0001000000110001
0001000000111111
0001000000001001
0000111110001111
0000111110000010
0001000000010111
0001000001011001
0000111111101000
0000111110100000
0000111111110011
0001000000111001
0000111111110101
0000111110011101
0000111111010011
0001000001000101
0001000000100010
0000111110101100
0000111110110110
0001000000110011
0001000001110110
0000111111111000
0000111101011100
0000111110010101
0001000000100000
0001000000110000
0001000000101011
0001000000111001
0000111111101100
0000111101011011
0000111101010001
0001000000110000
0001000011101100
0001000010000010
0000111101111000
0000111100000111
0000111110001011
0001000001001011
0001000010100001
0001000010000101
0000111111110110
0000111100010101
0000111011100100
0000111111110100
0001000100001101
0001000011010000
0000111110111000
0000111100011011
0000111101001101
0000111111101110
0001000010000011
0001000010111011
0001000001011011
0000111101011101
0000111010101001
0000111101100101
0001000011110001
0001000101011001
0001000000010111
0000111011010010
0000111011111100
0000111111011011
0001000001011101
0001000010011110
0001000010011000
0000111111110111
0000111100010101
0000111011111110
0001000000010111
0001000100000001
0001000010000110
0000111110001101
0000111100101111
0000111101111001
0001000000001110
0001000001111011
0001000010011110
0001000001010011
0000111101101010
0000111010111100
0000111101110110
0001000011100010
0001000100011011
0001000000000110
0000111101001000
0000111101011000
0000111110001110
0000111111101001
0001000010011100
0001000011101011
0000111111111110
0000111010100001
0000111011001010
0001000001110000
0001000101100100
0001000010011100
0000111101011000
0000111100000110
0000111101110101
0000111111110100
0001000010000001
0001000011100011
0001000001101000
0000111100100010
0000111001111000
0000111110001110
0001000100101001
0001000100111101
0001000000000001
0000111100001010
0000111100001111
0000111110110001
0001000001000011
0001000010011110
0001000010101110
0000111111110010
0000111010111001
0000111010111101
0001000001100100
0001000110000101
0001000010111111
0000111101011100
0000111011100110
0000111101100010
0001000000001010
0001000001111001
0001000010100111
0001000001000101
0000111101100000
0000111011011000
0000111110000101
0001000011001011
0001000100010001
0001000000000101
0000111100011010
0000111100110111
0000111111010101
0001000001001100
0001000010001101
0001000010000101
0000111111001101
0000111011110101
0000111100110110
0001000001000111
0001000011010101
0001000001101111
0000111110100110
0000111101001011
0000111101111110
0000111111011100
0001000001010111
0001000010110011
0001000001010100
0000111101010010
0000111010111110
0000111110010100
0001000100000111
0001000100011011
0000111110111011
0000111011100010
0000111101011001
0001000000001000
0001000001001000
0001000001111000
0001000010010010
0000111111001100
0000111010111100
0000111100001101
0001000010010111
0001000100110101
0001000000101011
0000111100111000
0000111101110011
0000111111011000
0000111111000011
0001000000111011
0001000100000011
0001000001110001
0000111011000010
0000111001101101
0001000000011101
0001000101100010
0001000010100111
0000111101100010
0000111101010001
0000111111010111
0000111110111110
0000111110101111
0001000010100001
0001000100010001
0000111110100001
0000111001010100
0000111101000011
0001000100000011
0001000100001101
0000111111001001
0000111101010000
0000111110111101
0000111110011100
0000111101001011
0001000000110011
0001000101010111
0001000010001101
0000111010100100
0000111010001010
0001000001010100
0001000100110001
0001000000111001
0000111101110000
0000111111011110
0000111111111001
0000111100101101
0000111101100000
0001000011111010
0001000101011111
0000111110001000
0000111001001101
0000111110000101
0001000011101101
0001000001100001
0000111101110011
0000111111101001
0001000001101101
0000111110000101
0000111011101000
0001000001001000
0001000101110111
0001000000111010
0000111001111100
0000111011111001
0001000010101111
0001000011001100
0000111110001111
0000111101110111
0001000001111000
0001000000111100
0000111011111001
0000111101000110
0001000011100111
0001000011101110
0000111101000110
0000111011001101
0001000000011100
0001000011111000
0001000000101001
0000111100111110
0000111110110001
0001000000111000
0000111110010110
0000111101011111
0001000010000001
0001000011101010
0000111110111001
0000111011111011
0000111111001010
0001000001110001
0000111111001110
0000111101110110
0001000001100101
0001000011001001
0000111110001001
0000111010011011
0000111110101100
0001000100010111
0001000010001101
0000111100110000
0000111101100101
0001000001111111
0001000001010111
0000111101010010
0000111101111000
0001000001110011
0001000001001110
0000111101011100
0000111110000101
0001000010010001
0001000010011000
0000111101111010
0000111100110000
0001000000001101
0001000001000000
0000111101111110
0000111110000001
0001000010011010
0001000011011011
0000111101111110
0000111010101100
0000111111000001
0001000011001101
0001000000110111
0000111101100111
0000111111100011
0001000010010010
0000111111111000
0000111100011001
0000111110011000
0001000010100010
0001000001100010
0000111101001110
0000111101110000
0001000001111010
0001000001101101
0000111110001000
0000111101111011
0001000000101010
0001000000100110
0000111101100100
0000111110001100
0001000010100100
0001000010101001
0000111101110001
0000111011111001
0000111111101010
0001000010100110
