0001000011001011
0000111111110001
0000111101011111
0001000000000011
0001000010001001
0000111111110110
0000111101101000
0000111111110011
0001000010100000
0001000000101110
0000111101110011
0000111111011111
0001000010010111
0001000000100010
0000111101001110
0000111110101101
0001000010100100
0001000010000110
0000111110001110
0000111110001011
0001000001110111
0001000001110001
0000111101111010
0000111101101110
0001000001100111
0001000010011010
0000111110110101
0000111101110111
0001000001001111
0001000010000010
0000111110100100
0000111101100000
0001000001000110
0001000010111001
0000111111100101
0000111101010101
0001000000011101
0001000010110011
0000111111011101
0000111100001100
0000111111011000
0001000100000111
0001000010010001
0000111101001101
0000111101110101
0001000010000110
0001000001110100
0000111101101111
0000111101010100
0001000001110110
0001000011101010
0000111111011100
0000111100111010
0001000000001000
0001000010001011
0000111111011101
0000111101100100
0001000000010111
0001000010011100
0000111111110111
0000111110011100
0001000001011010
0001000010001101
0000111110000111
0000111100001110
0001000000010001
0001000011100011
0001000000101110
0000111101110110
0001000000011100
0001000010111100
0000111111011100
0000111011100101
0000111110101100
0001000011110010
0001000010001000
0000111101011010
0000111110101011
0001000010110100
0001000000111101
0000111100100000
0000111110100000
0001000011010010
0001000010000001
0000111101101101
0000111110011111
0001000010101101
0001000001110100
0000111100101100
0000111101001000
0001000010110101
0001000011010000
0000111101111001
0000111100111101
0001000010001010
0001000011010100
0000111101101010
0000111011111000
0001000001011001
0001000011111110
0000111111101100
0000111101011110
0001000000110110
0001000010001011
0000111110010110
0000111100010110
0001000000011010
0001000100000001
0001000000111111
0000111100111101
0000111111011011
0001000011000111
0001000000001110
0000111100000110
0000111111000011
0001000100000000
0001000001110011
0000111100111011
0000111110110010
0001000011010101
0001000001001110
0000111100000001
0000111101011101
0001000011011100
0001000011100000
0000111101110000
0000111100110110
0001000000111110
0000111110000110
0000110101011011
0001000000001111
0001011101110010
0001011101110000
0000101011111110
0000000101010101
0000100010100111
0001100100101000
0010000000000000
0001011010001010
0000011101010011
0000000100000101
0000100010001101
0001011001011000
0001111001110010
0001100110101110
0000101111001001
0000000110000111
0000010100101101
0001001011001000
0001110101000110
0001101110101100
0001000000000000
0000010001011000
0000001101111011
0000111000100000
0001101001110011
0001110101000001
0001001111000010
0000011010010010
0000001010110000
0000101110011000
0001011111111110
0001110010100101
0001011000000100
0000101000101101
0000001111000000
0000100010111001
0001010000101100
0001101110101011
0001100010000101
0000110110000110
0000010011010101
0000011010111111
0001000100000111
0001101001000010
0001101001011000
0001000100011111
0000011001110011
0000010001110100
0000110110001001
0001100100111011
0001110001000101
0001001111000111
0000011110010111
0000001110010110
0000101110101111
0001011101001111
0001101111000011
0001010111001011
0000101010100110
0000010001000010
0000100011101110
0001010000110101
0001101110100100
0001100001110011
0000110100111111
0000010001001011
0000011010001000
0001000110111101
0001101100110100
0001101001011010
0001000000100100
0000010110101000
0000010010111000
0000111001000111
0001100101111011
0001101111111100
0001001101101101
0000011110001000
0000001110101111
0000101110011000
0001011101011101
0001101111111110
0001010111000111
0000101001100100
0000010000001100
0000100011100001
0001010001010010
0001101111110101
0001100011010010
0000110101000000
0000001111001100
0000011000100111
0001000111100100
0001101110011101
0001101010011000
0001000000101010
0000010101111010
0000010010000100
0000111001011111
0001100110101100
0001101111101101
0001001100111000
0000011101101111
0000001111000110
0000101111001011
0001011101011001
0001101111010101
0001010111011100
0000101010011101
0000001111111011
0000100010011100
0001010000110000
0001101111101101
0001100010100001
0000110100010000
0000010001010101
0000011100101000
0001001000001101
0001101001111101
0001100101010001
0000111111110101
0000011010001000
0000010111000101
0000111010001110
0001100010111010
0001101100001011
0001001100111000
0000100000010001
0000010001111000
0000101111100111
0001011010111111
0001101100111010
0001010111000000
0000101011011000
0000010001111001
0000100100011001
0001010001000100
0001101101101000
0001011111100011
0000110011110010
0000010011101001
0000011110000011
0001000110111110
0001101000111110
0001100110101101
0001000001000011
0000011000010100
0000010100101000
0000111010100000
0001100101011000
0001101100110011
0001001010101100
0000011111010100
0000010011011101
0000110001000100
0001011010101100
0001101011111101
0001010111000011
0000101011111000
0000010001001010
0000100011111010
0001010010001011
0001101110000011
0001011110010100
0000110011011010
0000010100110110
0000011110101010
0001000110111001
0001101000101110
0001100101101011
0000111111111111
0000011000111001
0000010110101100
0000111100001011
0001100100001010
0001101001011011
0001001001101011
0000100001011110
0000010101010011
0000110001000101
0001011010101010
0001101011111110
0001010100110101
0000101000110000
0000010010101100
0000101001010110
0001010011110100
0001101010010100
0001011011010001
0000110011101110
0000010110001111
0000011111111001
0001000111011001
0001101000001111
0001100100110101
0000111110111111
0000011000111000
0000011000011101
0000111101010111
0001100011010001
0001101000100101
0001001010010000
0000100001100000
0000010100001001
0000110000111111
0001011011110011
0001101011101010
0001010011001111
0000101001011101
0000010101000000
0000101001001110
0001010001010100
0001101000101010
0001011100001010
0000110110000000
0000010110110110
0000011110011010
0001000110111000
0001101001000111
0001100100111110
0000111110001100
0000011000011101
0000011001000000
0000111110100011
0001100011101001
0001100111001000
0001001000100011
0000100001111110
0000010110001000
0000110001110010
0001011010110001
0001101010011100
0001010011101100
0000101010100101
0000010101000000
0000101000110011
0001010001110101
0001101001010110
0001011011100011
0000110100011001
0000010110101110
0000100000010100
0001000111111000
0001100111101000
0001100011000011
0000111110100011
0000011010011101
0000011001101011
0000111101001011
0001100010110010
0001100111110001
0001001000100101
0000100001010100
0000010110100101
0000110010101010
0001011010010110
0001101001011011
0001010011110110
0000101011101110
0000010100111110
0000100111101001
0001010001101001
0001101010001011
0001011011110011
0000110011111010
0000010111010110
0000100001110100
0001000111010110
0001100101101000
0001100010101011
0000111111100110
0000011010111000
0000011001010100
0000111101001111
0001100011000000
0001100111001100
0001001000001101
0000100010011001
0000010111101100
0000110001101111
0001011000100010
0001101001110011
0001010101011000
0000101011000111
0000010011101010
0000101000010101
0001010011000111
0001101010000100
0001011010010110
0000110011000101
0000010111001100
0000100001100101
0001000111110011
0001100110110000
0001100011011000
0000111111010000
0000011001111110
0000011001001001
0000111101011100
0001100010111010
0001100111101000
0001001001000000
0000100001111010
0000010101110110
0000110001000010
0001011010110010
0001101011111001
0001010100001110
0000101000100001
0000010010100111
0000101001100010
0001010101000011
0001101010011110
0001011001000011
0000110010010010
0000010111011011
0000100001011111
0001000111110111
0001100111101100
0001100011011110
0000111110001100
0000011000111110
0000011000110100
0000111110110010
0001100100101100
0001100111000111
0001000111011000
0000100001101011
0000010110111010
0000110010100100
0001011011100110
0001101010101000
0001010001111000
0000101000001010
0000010100110001
0000101010110001
0001010011111100
0001101001110110
0001011010001001
0000110010110000
0000010110011000
0000100000100111
0001001000000100
0001101000101001
0001100100010010
0000111101101011
0000010111111111
0000011001001000
0000111111010100
0001100100010011
0001100111000100
0001001000001001
0000100001100011
0000010101010111
0000110001011100
0001011011111100
0001101011100000
0001010010010010
0000101000101110
0000010101100001
0000101010011010
0001010010010010
0001101000110011
0001011011011000
0000110100100101
0000010110010000
0000011111111101
0001001000011111
0001101000010001
0001100011010001
0000111110011000
0000011001101011
0000011000111001
0000111101010100
0001100011111101
0001101000111000
0001001000101101
0000100000101100
0000010101111100
0000110010011110
0001011011000001
0001101010000111
0001010010110111
0000101010000001
0000010101001001
0000101000111000
0001010010000000
0001101010000010
0001011011101110
0000110011100010
0000010101100110
0000100000010100
0001001001010010
0001101000011001
0001100010000101
0000111101110111
0000011010111000
0000011010001010
0000111100110111
0001100001111101
0001100111110001
0001001000110101
0000100000010101
0000010110110100
0000110101011111
0001011011101010
0001100110111111
0001010000110000
0000101011111010
0000010111101000
0000101000011111
0001010000011111
0001101010010101
0001011100111111
0000110010101000
0000010011111101
0000100001100010
0001001011000110
0001100110110101
0001011111011001
0000111110000110
0000011101100100
0000011011001000
0000111011000100
0001100000111010
0001101001000010
0001001010110000
0000100000001110
0000010100010010
0000110100000100
0001011101011101
0001101001000111
0001010000100101
0000101001111001
0000010110001101
0000101001000001
0001010001101111
0001101010101110
0001011100010111
0000110010111000
0000010101001000
0000100000110000
0001001001000101
0001100111010110
0001100001101001
0000111110101110
0000011100101000
0000011010100000
0000111011000101
0001100001000110
0001101001001111
0001001010000110
0000011111010111
0000010100100001
0000110100110011
0001011101110000
0001101000101011
0001001111101010
0000101010000110
0000010111110100
0000101001011010
0001001111101111
0001101001001010
0001011101011000
0000110100010111
0000010101010011
0000100000001111
0001001000100100
0001100111000011
0001100001111111
0000111111010001
0000011100100000
0000011010000101
0000111011011100
0001100001011101
0001101000011010
0001001001101100
0000100000001101
0000010100011010
0000110011110010
0001011110001011
0001101001110001
0001001111110000
0000101001101100
0000010111100111
0000101001011111
0001010000001110
0001101001010010
0001011100111100
0000110100001000
0000010100110011
0000011111110100
0001001001011110
0001100111110100
0001100001001010
0000111110100100
0000011101100010
0000011110010100
0001000011011101
0001100000000011
0001001111000011
0000101101110001
0000101111100111
0001001101011100
0001010100111110
0000111010000010
0000100110101110
0000110110100101
0001010000011111
0001010011010011
0001000010001100
0000110101011010
0000110101100101
0000111010100111
0001000001000111
0001001001101100
0001001100011111
0001000010100110
0000110100100011
0000110001111100
0000111101111111
0001001011000100
0001001011011000
0001000000110001
0000110111101111
0000110111110010
0000111101110011
0001000100001100
0001000111111100
0001000101110010
0000111101000011
0000110110000000
0000111001100111
0001000011101100
0001000111101011
0001000011000010
0000111110100001
0000111101111101
0000111101000110
0000111100000000
0000111111101011
0001000110010100
0001000110111001
0000111110100111
0000110111010101
0000111010001101
0001000010101101
0001000110101100
0001000100000011
0000111110010011
0000111010000001
0000111011010011
0001000001100101
0001000110001100
0001000100010110
0000111110110001
0000111011000011
0000111011100111
0000111111010110
0001000011101000
0001000100101010
0001000001000001
0000111100000101
0000111010110001
0000111110100011
0001000100100100
0001000110011111
0001000001010101
0000111010100101
0000111001100011
0000111110001110
0001000011101111
0001000110010000
0001000011100111
0000111101001110
0000111001000101
0000111011101111
0001000010010111
0001000110010110
0001000100011000
0000111110011001
0000111001111101
0000111011010101
0001000000011110
0001000100100011
0001000100111111
0001000001000010
0000111011001011
0000111001010011
0000111110011110
0001000110000110
0001000111110001
0001000001011011
0000111001100111
0000110111101111
0000111101010101
0001000101011001
0001001000000111
0001000011000111
0000111011110011
0000111000101001
0000111100000011
0001000010110000
0001000110100000
0001000100000101
0000111110100100
0000111010111001
0000111011100001
0000111111010010
0001000011011111
0001000100111111
0001000001111110
0000111100110010
0000111010100100
0000111101100100
0001000010101011
0001000101000011
0001000010101000
0000111110000110
0000111011111010
0000111101001010
0001000000000000
0001000010101111
0001000011100000
0001000000101111
0000111100100010
0000111011110011
0000111111111000
0001000011100001
0001000010110101
0000111111110111
0000111101010111
0000111100101110
0000111110100111
0001000001110110
0001000011111111
0001000010110101
0000111110011011
0000111011000001
0000111100111000
0001000001110111
0001000100000100
0001000001110100
0000111110011110
0000111101010011
0000111101111101
0000111111000110
0001000001010110
0001000011111101
0001000010010110
0000111100100110
0000111010101111
0000111111101010
0001000011111011
0001000010100011
0000111111011111
0000111110010100
0000111101101110
0000111101100001
0001000000000111
0001000100010000
0001000100100010
0000111110111010
0000111001110011
0000111100011101
0001000010110101
0001000011011000
0000111111101110
0000111111001001
0001000000011100
0000111111000101
0000111101000010
0000111111001011
0001000011011110
0001000010101011
0000111101011101
0000111100100101
0001000000110010
0001000010011001
0001000000000100
0000111111010100
0001000000101000
0000111111100100
0000111100110111
0000111110000001
0001000010100010
0001000011101100
0000111111110011
0000111100100100
0000111110010001
0001000001011101
0001000000111101
0000111110111001
0001000000011110
0001000010010111
0000111110111010
0000111011001011
0000111110111100
0001000101000001
0001000011010100
0000111100101101
0000111011111011
0001000000111011
0001000010000111
0000111110101101
0000111111000011
0001000010100010
0001000000101111
0000111100001001
0000111101110101
0001000011011111
0001000011001101
0000111101110111
0000111100101101
0001000000010111
0001000001001011
0000111110110010
0000111111010111
0001000010011101
0001000001110101
0000111100111100
0000111011110011
0001000001000110
0001000100010010
0001000000100001
0000111101010011
0000111111100110
0001000001010000
0000111110101000
0000111101101111
0001000001101101
0001000011101010
0000111111010010
0000111011000110
0000111110000010
0001000011100100
0001000010110110
0000111110000110
0000111101100101
0001000000011100
0001000000001010
0000111110001011
0001000000001100
0001000011101000
0001000001011110
0000111011110100
0000111011101011
0001000001010111
0001000100001101
0001000000110011
0000111101110010
0000111111001101
0001000000001111
0000111110011001
0000111110111011
0001000010100001
0001000010011001
0000111101011100
0000111011011111
0001000000001010
0001000100001001
0001000001100010
0000111101100010
0000111110011001
0001000000101100
0000111111100111
0000111110010000
0001000000101111
0001000011001011
0001000000101100
0000111100101110
0000111101011010
0001000000111101
0001000001010111
0000111111011110
0000111111110101
0001000001001000
0000111111100010
0000111101011100
0000111111010001
0001000010100001
0001000001010010
0000111101010010
0000111101011110
0001000001100001
0001000010010111
0000111111010111
0000111110010001
0001000000010000
0001000000111001
0000111110011000
0000111101000000
0001000000011111
0001000011111001
0001000001000101
0000111100100010
0000111101110001
0001000001111001
0001000001011100
0000111101110110
0000111110001000
0001000001111001
0001000010000000
0000111110010011
0000111110000101
0001000001001100
0001000000110001
0000111101110001
0000111110011100
0001000001110010
0001000010000001
0000111110100100
0000111101010111
0001000000101001
0001000010011001
0000111111001111
0000111101011110
0001000000010010
0001000001011100
0000111110111001
0000111110011011
0001000001011010
0001000010000001
0000111110010010
0000111011111101
0000111111001110
0001000011001100
0001000001101111
0000111110010010
0000111111010010
0001000001011011
0000111111011010
0000111101000001
0000111111000000
0001000001111110
0001000001001111
0000111110001101
0000111110010100
0001000001110101
0001000010000010
0000111101111001
0000111101001111
0001000001000000
0001000001011101
0000111110001110
0000111110010111
0001000010010111
0001000010100010
0000111101100000
0000111100000100
0001000000011111
0001000010101111
0001000000000111
0000111110001100
0000111111111000
0001000001000001
0000111110100000
0000111101000100
0001000000111001
0001000100000100
0001000000100011
0000111011101111
0000111101101111
0001000010100100
0001000001000100
0000111100110111
0000111110110100
0001000010111110
0001000001001000
0000111101001101
0000111110110100
0001000010101000
0001000000111001
0000111100010011
0000111101010001
0001000010101111
0001000011011000
0000111101110111
0000111100100001
0001000001111001
0001000010110110
0000111101000010
0000111011111010
0001000001110000
0001000011111010
0000111111001011
0000111100111001
0001000000001100
0001000001011001
0000111110010011
0000111101110110
0001000001110001
0001000010111100
