0000111111110111
0000111101111111
0001000000100000
0001000010101111
0001000000100001
0000111110001010
0000111111100110
0001000001011010
0001000000010001
0000111110100100
0000111111110111
0001000010011010
0001000001011001
0000111110010001
0000111110110011
0001000001111010
0001000001010000
0000111110000110
0000111111010011
0001000010101011
0001000001011111
0000111110001110
0000111110110101
0001000001100001
0001000001000111
0000111110100010
0000111111010000
0001000010100001
0001000001110111
0000111110010000
0000111110011010
0001000001011101
0001000001010111
0000111110110100
0000111110111100
0001000001111000
0001000010100011
0000111111000111
0000111101000111
0001000000011101
0001000011001001
0001000000001111
0000111101101100
0001000000011011
0001000011000010
0001000000011001
0000111101000010
0000111110111111
0001000010100010
0001000001011101
0000111110100101
0000111111101000
0001000010100010
0001000001001111
0000111101001011
0000111101111111
0001000010110011
0001000010101001
0000111101111011
0000111101101111
0001000010010110
0001000010111000
0000111110010010
0000111101011001
0001000001101111
0001000010111001
0000111110101101
0000111101000011
0001000001100111
0001000100010011
0000111111100101
0000111011110001
0000111111110010
0001000011111111
0001000001000101
0000111100111101
0000111111001100
0001000011011100
0001000001011011
0000111101000101
0000111110111011
0001000011000100
0001000001010000
0000111101001000
0000111110111001
0001000011100100
0001000010010001
0000111101000101
0000111101110000
0001000010111001
0001000010101100
0000111101101101
0000111101011100
0001000010010100
0001000011001101
0000111110011000
0000111100110101
0001000001011011
0001000011100110
0000111111100100
0000111101001110
0001000000110011
0001000011011101
0000111111111011
0000111100011100
0000111111011101
0001000011100011
0001000001011010
0000111101011001
0000111111000101
0001000010110100
0001000001001010
0000111101001010
0000111110101110
0001000011001110
0001000010001111
0000111101100111
0000111110010100
0001000010111110
0001000010001010
0000111101000001
0000111101001010
0001000010101111
0001000100000001
0000111110110110
0000111100001101
0001000000101001
0001000010111100
0000111011011111
0000110110010011
0001000100111100
0001011011101100
0001010100100101
0000101000110110
0000001110111101
0000101111010111
0001100100010010
0001110010010100
0001001111111000
0000011110110100
0000001101001111
0000101100100110
0001011100100111
0001110000111000
0001011000111110
0000101000100010
0000001101011000
0000100100001100
0001010010110101
0001101100101011
0001100001010001
0000111001100001
0000010010011001
0000010100111001
0001000011001010
0001101101101101
0001101100100111
0001000010011010
0000010100100001
0000010001010011
0000111011000100
0001100100101000
0001101011010101
0001001111000101
0000100011111001
0000001111100111
0000101010010110
0001011001100100
0001101110010111
0001011001000011
0000101101011001
0000010010001101
0000100011000010
0001001100110101
0001100111101001
0001100010001010
0000111111010101
0000010110111001
0000010100110001
0001000000011110
0001101010111000
0001101010101111
0001000010100101
0000010111001110
0000010100010110
0000111011000101
0001100001111101
0001101010000010
0001010000010110
0000100100000010
0000001101000111
0000101000111110
0001011100101110
0001110011110101
0001011010100010
0000100111110111
0000001010111011
0000100001101110
0001010011011111
0001110000100100
0001100100111011
0000111000100100
0000001100100010
0000010000100101
0001000110000100
0001110100011001
0001101111011010
0000111111110101
0000010000110000
0000001110011011
0000111000111010
0001100110100011
0001110011001100
0001010101000111
0000011111011011
0000000100100010
0000100100101100
0001011111101100
0001111010001001
0001011110001110
0000100111001001
0000000111010101
0000011101011101
0001010010001011
0001110011110010
0001101000110101
0000111000010101
0000001001010001
0000001111011101
0001000111011111
0001110100101101
0001101110111000
0001000000101101
0000010001011110
0000001100111000
0000110111001011
0001100111111100
0001110110011001
0001010100101010
0000011010110100
0000000010011000
0000101000010011
0001100100000110
0001111010000100
0001011011001010
0000100101101011
0000000111100111
0000011101000110
0001010010010010
0001110110011010
0001101011000100
0000110110001000
0000000101100011
0000001111010100
0001001001111001
0001110101111111
0001101110010010
0000111111110011
0000010001011000
0000001100100001
0000110110010101
0001101000110010
0001111000101111
0001010100111111
0000010111111101
0000000000000010
0000101001011001
0001100110100001
0001111010101110
0001011001110101
0000100100000100
0000000111001100
0000011101100110
0001010011010100
0001110111110001
0001101011001100
0000110100101000
0000000100100001
0000001111111001
0001001010101010
0001110110000010
0001101110100011
0001000000010100
0000010000101101
0000001010111111
0000110110001011
0001101011001011
0001111011000100
0001010011011110
0000010100110101
0000000000000000
0000101011010100
0001100110110100
0001111001111101
0001011010100000
0000100101001111
0000000110001010
0000011011010100
0001010011001011
0001111001110110
0001101100011101
0000110011011101
0000000010110110
0000001111111101
0001001011111001
0001110110100010
0001101110000111
0000111111111101
0000010000101101
0000001011010100
0000110111001011
0001101011100001
0001111001010001
0001010001100111
0000010101001111
0000000001111011
0000101100101110
0001100110100100
0001111001000010
0001011010011011
0000100101010100
0000000101100001
0000011011011000
0001010100100001
0001111010010101
0001101010111101
0000110010011101
0000000100001101
0000010001001111
0001001010110001
0001110100111101
0001101110101100
0001000001010011
0000010000000100
0000001001110100
0000110111101101
0001101101000111
0001111000111111
0001001111111000
0000010100101101
0000000011010100
0000101101110011
0001100110000001
0001111000101000
0001011010101111
0000100100110011
0000000100100000
0000011011100110
0001010110010100
0001111011100101
0001101010000110
0000110001000011
0000000011101101
0000010001100010
0001001011011011
0001110101100110
0001101111000011
0001000000110110
0000001110111101
0000001001010111
0000111000001011
0001101110000100
0001111001100011
0001001111010000
0000010100010101
0000000011011001
0000101101000000
0001100101010001
0001111001001100
0001011100000000
0000100101001101
0000000011100111
0000011010101111
0001010110000011
0001111011110111
0001101010101010
0000110001010011
0000000011110111
0000010001100011
0001001010011101
0001110100100010
0001101111101000
0001000010010100
0000001111000100
0000001000010010
0000111000000010
0001101110011010
0001111001010000
0001001111011101
0000010101010100
0000000011111001
0000101100101000
0001100100100111
0001111000111000
0001011100000011
0000100101000010
0000000011001110
0000011011010100
0001010111011010
0001111011101100
0001101000111010
0000110000110001
0000000101000001
0000010001101100
0001001001001000
0001110100101001
0001110001100010
0001000011001110
0000001110001001
0000000111000001
0000110111101101
0001101110111101
0001111001011000
0001001111001001
0000010101111011
0000000100111101
0000101100010101
0001100011010111
0001111000011111
0001011100100000
0000100101010110
0000000011010101
0000011011010100
0001010111011111
0001111011101101
0001101000101001
0000110000111101
0000000101111000
0000010010001110
0001001000011101
0001110011011011
0001110001100001
0001000100001001
0000001110001110
0000000110100111
0000111000000011
0001101110111000
0001110111111010
0001001110011001
0000010111011100
0000000110100010
0000101011100011
0001100001010011
0001111000000001
0001011101101101
0000100101101011
0000000010110010
0000011011110001
0001011000011010
0001111011011010
0001100110100110
0000101111100000
0000000111100110
0000010100110100
0001001000010010
0001110001011011
0001110000110100
0001000100110111
0000001110010000
0000000110011110
0000111001000100
0001101111011100
0001110110111101
0001001101110010
0000011000001000
0000000111000010
0000101010111001
0001100000110010
0001111000100001
0001011110010001
0000100101110010
0000000010010111
0000011011101011
0001011000011111
0001111010000111
0001100101111000
0000110001011111
0000001000110100
0000010010110001
0001000110110000
0001110011000111
0001110010011111
0001000011010101
0000001100010111
0000000111101011
0000111011001001
0001101111000001
0001110100110110
0001001101011111
0000011010010011
0000001000000110
0000101001000011
0001011111010011
0001111010000001
0001011111111101
0000100100101111
0000000001010000
0000011100111100
0001011001010110
0001111000100111
0001100100101000
0000110010110011
0000001010111100
0000010010101011
0001000100110001
0001110010011110
0001110011100100
0001000011100111
0000001100000101
0000001000000010
0000111011001000
0001101110001110
0001110100100001
0001001101111010
0000011010011110
0000000111100100
0000101001000101
0001100000000100
0001111001111011
0001011111000001
0000100100001110
0000000010000001
0000011110001001
0001011000111010
0001110111001101
0001100100100011
0000110011110100
0000001011000100
0000010001110011
0001000100111010
0001110011001110
0001110011001100
0001000011000100
0000001100010011
0000001001000011
0000111011111001
0001101100110001
0001110010101111
0001001111001111
0000011100111000
0000000110111001
0000100110011110
0001100000000000
0001111011110010
0001011110110000
0000100011000101
0000000010011010
0000011111000011
0001011000111100
0001110110000110
0001100100000000
0000110100101100
0000001011100101
0000010001101000
0001000100110011
0001110010111011
0001110010101001
0001000010101111
0000001100111000
0000001001111110
0000111011111001
0001101100001100
0001110010101011
0001001111010111
0000011100001101
0000000110100100
0000100111110110
0001100000111100
0001111010100111
0001011101100001
0000100011100110
0000000100001011
0000011111011000
0001010110111011
0001110100111001
0001100101010011
0000110110010001
0000001011000000
0000001111110011
0001000100101101
0001110100100001
0001110010011111
0001000001010101
0000001101101100
0000001011111101
0000111011000001
0001101001011100
0001110010011100
0001010001011110
0000011101001101
0000000101111000
0000100111000101
0001100000111110
0001111010110110
0001011101001111
0000100011110111
0000000101011101
0000011111011000
0001010101000011
0001110100010011
0001100110110001
0000110110111011
0000001010001111
0000001111100001
0001000101010010
0001110100110101
0001110010001011
0001000001000011
0000001101101010
0000001011100011
0000111010011111
0001101001110110
0001110011011000
0001010001010100
0000011100001001
0000000101110101
0000101000001101
0001100001011001
0001111001101101
0001011100001101
0000100100010110
0000000110000101
0000011111001000
0001010100101100
0001110100110010
0001101000000001
0000110110101111
0000001001011111
0000010011110010
0001001101000101
0001110000100010
0001011000010101
0000101100000101
0000100011110100
0000111101001110
0001001100101100
0001000101001110
0000111110110011
0001000010110011
0001000000111000
0000110110110010
0000110111100011
0001000101110011
0001001101000001
0001000011111111
0000111000011001
0000110111001110
0000111101010100
0001000011001010
0001000110100101
0001000101111110
0000111111111001
0000111000001001
0000110111101100
0001000000101111
0001001000101010
0001000110110101
0000111111000001
0000111001001101
0000111001110101
0000111111010010
0001000100110101
0001000111001000
0001000011100000
0000111010101100
0000110101010110
0000111011011100
0001000111111010
0001001100110110
0001000100001010
0000110111010110
0000110011110110
0000111011111011
0001000110110100
0001001011111100
0001000111010010
0000111010010001
0000110000111101
0000110111100010
0001000111000001
0001001101010000
0001000101111111
0000111100001011
0000111000001110
0000111001100001
0000111110001110
0001000101010010
0001001001010011
0001000100000101
0000111001100001
0000110110010100
0000111110011010
0001000110100010
0001000101110010
0001000000100100
0000111101100011
0000111100101101
0000111100100010
0000111111010100
0001000100101011
0001000101101001
0000111111001101
0000111001101011
0000111100111011
0001000011100011
0001000011010010
0000111110100010
0000111110110001
0001000001101111
0000111111101101
0000111100110000
0001000000001001
0001000100100010
0001000001100010
0000111011001110
0000111100001110
0001000011011011
0001000101001101
0000111111000110
0000111011101001
0000111111001110
0001000001111000
0000111111101010
0000111111001110
0001000010100011
0001000010101111
0000111101111111
0000111011100011
0000111111000101
0001000010110101
0001000001100111
0000111111010100
0001000000011010
0001000001001111
0000111110100000
0000111100111001
0001000000100010
0001000011101010
0001000000101010
0000111100110001
0000111110011111
0001000010101101
0001000010010000
0000111101111110
0000111101100010
0001000001100011
0001000010001011
0000111110100000
0000111101111000
0001000001101001
0001000010011011
0000111110001101
0000111101001101
0001000001011111
0001000010110100
0000111110110011
0000111101000011
0001000000110010
0001000011010111
0001000000001100
0000111101010001
0000111111010100
0001000001100010
0000111111111001
0000111110001011
0001000000101101
0001000011010101
0001000000100001
0000111100011101
0000111101101101
0001000001111001
0001000010100101
0000111111101101
0000111110100110
0001000000000111
0001000000000111
0000111110110000
0000111111101011
0001000001110011
0001000001010011
0000111110101101
0000111110010101
0001000000010011
0001000000110111
0000111111101100
0000111111110101
0001000001001110
0001000000100111
0000111101111110
0000111101111000
0001000001101010
0001000011100011
0000111111111111
0000111100010110
0000111110101000
0001000010101001
0001000001100010
0000111110100001
0000111111011100
0001000001010110
0000111111100010
0000111101000011
0000111110111110
0001000011011011
0001000011100001
0000111110101111
0000111100100000
0000111111100011
0001000001110100
0000111111101101
0000111110100100
0001000001010001
0001000001110111
0000111110011101
0000111101100101
0001000001010000
0001000011000011
0000111111011101
0000111100001101
0000111110110110
0001000010110001
0001000001101110
0000111110110011
0000111111011010
0001000001010011
0000111111100100
0000111100111010
0000111111010110
0001000011100111
0001000010010110
0000111101110001
0000111101100001
0001000000111111
0001000001011100
0000111110100110
0000111110101011
0001000001110100
0001000001100111
0000111110000110
0000111101111100
0001000001110110
0001000010101011
0000111110010001
0000111100001100
0001000000011100
0001000011011111
0001000000101010
0000111110001101
0000111111111111
0001000000110001
0000111110001011
0000111101110010
0001000001111100
0001000100001100
0001000000000100
0000111011101001
0000111101110101
0001000010010111
0001000001100100
0000111110011011
0000111111101111
0001000010011111
0001000000010111
0000111100011011
0000111110001100
0001000011010100
0001000010110111
0000111101100011
0000111100100101
0001000000111011
0001000010110100
0001000000000000
0000111110100010
0001000000011101
0001000000100100
0000111101011111
0000111101011111
0001000010100101
0001000100100000
0000111111101010
0000111100001100
0000111110101111
0001000001100010
0001000000011011
0000111110110010
0001000000100101
0001000010100001
0000111111100100
0000111100000110
0000111110100001
0001000011010010
0001000010110100
0000111110011010
0000111101011010
0001000000001100
0001000001000000
0000111111110010
0001000000001000
0001000001001110
0000111111111101
0000111101011111
0000111110100000
0001000001111101
0001000010001011
0000111111011010
0000111110101011
0001000000010111
0001000000010100
0000111110000011
0000111110011011
0001000001110111
0001000010100010
0000111111010011
0000111101010001
0000111111100011
0001000010000101
0001000000011000
0000111110001110
0000111111111111
0001000001110010
0000111111110011
0000111101111101
0001000000001100
0001000010010101
0000111111110000
0000111101000011
0000111111001001
0001000001111101
0001000000111110
0000111111000010
0001000000000001
0001000000110100
0000111110101101
0000111101111100
0001000000100001
0001000010101100
0001000001000110
0000111101111101
0000111110010101
0001000001000100
0001000000100000
0000111110011000
0000111111100000
0001000001111011
0001000001000011
0000111110010000
0000111110100001
0001000001000011
0001000001000100
0000111110110110
0000111111000010
0001000001100110
0001000001010000
0000111101100100
0000111101010101
0001000001110010
0001000011011000
0000111111000110
0000111100010000
0001000000001111
0001000011110001
0000111111111110
0000111100000110
0000111111001101
0001000010110110
0001000000110000
0000111101101001
0000111111010011
0001000010011011
0001000000111000
0000111101010011
0000111110011010
0001000001111111
0001000001010010
0000111110010010
0000111111001000
0001000001111011
0001000000101101
0000111101011100
0000111110100010
0001000010001111
0001000001110000
0000111110000001
0000111110000001
0001000001110111
0001000010010101
0000111110000011
0000111100100111
0001000000110100
0001000010111111
0000111111010111
0000111101000011
0001000000011000
0001000011000010
0001000000000010
0000111100100100
0000111110110100
0001000010100000
0001000000110101
0000111101110001
0000111111100010
0001000010011111
0001000000101100
0000111101010100
0000111110101101
0001000010001011
0001000001000011
0000111101110100
0000111110101001
0001000001101111
0001000001100001
0000111110001011
0000111101101110
0001000001011111
0001000010001111
0000111101111111
0000111101001010
0001000010000011
0001000011011111
0000111110000010
0000111011011111
0001000000101101
0001000011110111
0000111111101101
