0001000101100011
0001000011001101
0000111011011111
0000111100100111
0001000100001101
0001000100000001
0000111100001110
0000111011100111
0001000011010011
0001000100110110
0000111101110110
0000111011110100
0001000010011101
0001000100101100
0000111101110011
0000111010110111
0001000010010001
0001000101110000
0000111110100010
0000111010101110
0001000001100000
0001000101010011
0000111110110110
0000111010110111
0001000000111000
0001000101101000
0001000000010111
0000111011000001
0000111111010111
0001000101000101
0001000001001110
0000111011011011
0000111110110000
0001000100111101
0001000010001100
0000111011101011
0000111110000101
0001000100000111
0001000001110100
0000111011111000
0000111101110110
0001000100100100
0001000011011100
0000111100000011
0000111100100010
0001000100010000
0001000100001110
0000111100000100
0000111011001000
0001000011110100
0001000101111110
0000111101011010
0000111010001100
0001000001101011
0001000101101011
0000111111010000
0000111010111000
0001000000111111
0001000101011001
0001000000000001
0000111011101110
0000111111100011
0001000011100100
0001000001000001
0000111100011011
0000111110001100
0001000100000000
0001000010111111
0000111100101111
0000111101011000
0001000011010111
0001000010001011
0000111100101001
0000111110111110
0001000100011001
0001000001010100
0000111011010111
0000111101101000
0001000100000101
0001000011100000
0000111101001111
0000111100011111
0001000010110100
0001000100010111
0000111101101101
0000111010111100
0001000001101100
0001000110010100
0001000000000110
0000111010001011
0000111111100101
0001000110001011
0001000001010001
0000111010001101
0000111110100111
0001000101100111
0001000001100001
0000111010111100
0000111110110100
0001000101100011
0001000010011011
0000111010110010
0000111100100111
0001000100100110
0001000011101110
0000111100000010
0000111100000101
0001000011111011
0001000101001100
0000111100111011
0000111010001100
0001000010011010
0001000110011010
0000111111000100
0000111010011000
0001000000101100
0001000101101000
0000111111101100
0000111010010010
0000111111110100
0001000110000100
0001000000111110
0000111010000010
0000111111001001
0001000110100111
0001000001010101
0000111001100111
0000111110000100
0001000100101111
0000111100111000
0000110001010010
0001000001001100
0001100101011001
0001100000010110
0000100010010000
0000000000000000
0000110000000001
0001101111000111
0001110011110101
0001001101001010
0000100100001110
0000010000101010
0000100011100111
0001010011001000
0001110101000111
0001100111101110
0000110000011001
0000000100111111
0000011001111100
0001010100111101
0001110001110010
0001100000110111
0000111011111101
0000011001101000
0000010101100000
0000111011010001
0001101001000100
0001110010001010
0001001010110110
0000010101001110
0000001100001101
0000111010100000
0001100111011001
0001101011000110
0001010000001011
0000101001000000
0000010000110111
0000100100110000
0001010100111111
0001110001110100
0001100001000111
0000110000110110
0000001110010010
0000011110110100
0001001101110111
0001101001001111
0001100001110010
0001000010101001
0000011011011010
0000010010101010
0000111011110000
0001101010010101
0001101110000001
0001000110111101
0000011001010100
0000010010110001
0000111010000000
0001100001010101
0001100111000100
0001010001001101
0000101100011101
0000010001100010
0000100100010111
0001011000001001
0001110011001000
0001011100001001
0000101011110111
0000001111001110
0000100100000010
0001010001110000
0001101000111111
0001011110110101
0000111110110011
0000011010011100
0000010100110110
0000111101010010
0001101011100101
0001101110001010
0001000011110011
0000010111100010
0000010101011011
0000111011110011
0001011111101001
0001100110010001
0001010011010011
0000101100100101
0000001111110011
0000100101010110
0001011001010011
0001110001011011
0001011010010010
0000101100101110
0000010010110010
0000100110000101
0001001110101101
0001100101010010
0001011111011100
0001000001010001
0000011010101010
0000010101010101
0001000000011011
0001101011000001
0001101000000010
0001000000111101
0000011011110010
0000011010000101
0000111011100010
0001011100101001
0001100101001001
0001010011000001
0000101011000001
0000001111011111
0000101000010000
0001011100111101
0001110000111010
0001010100111100
0000101000111001
0000010100010101
0000101001000010
0001001111101111
0001100101101111
0001100000111000
0000111111111101
0000010101001110
0000010011000100
0001000100100000
0001101111100001
0001101000100110
0000111110110101
0000011010001111
0000011001011111
0000111001101110
0001011100011101
0001101001010101
0001010110010000
0000101000000000
0000001010101011
0000101000110010
0001100000110001
0001110001100110
0001010011011100
0000101001011011
0000010101101011
0000100111100110
0001001100110011
0001100110110100
0001100100110000
0000111111101000
0000010000110000
0000010001101100
0001001000001011
0001110010000101
0001100110010001
0000111100110001
0000011011011011
0000011001110100
0000111000100000
0001011100111000
0001101100000101
0001010111001110
0000100100000010
0000000111010110
0000101100000000
0001100100111100
0001110000010111
0001010000100000
0000101010000000
0000010110111000
0000100101010110
0001001011101011
0001101010111000
0001101000000110
0000111011111101
0000001011101101
0000010100000000
0001001101101011
0001110001010011
0001100010011010
0000111100111010
0000011101000101
0000011000111111
0000110111011001
0001011110100111
0001101101110001
0001010101001000
0000100001011000
0000001000001000
0000101101110001
0001100101100001
0001110000010101
0001010000001001
0000101001000101
0000010101100001
0000100100111110
0001001101110011
0001101101001001
0001100110101100
0000111000111111
0000001011110011
0000010110011001
0001001110011110
0001110000011011
0001100010001101
0000111101101111
0000011100101011
0000010110100001
0000110110110110
0001100010001011
0001110000000110
0001010010001100
0000011110010001
0000001001101001
0000101111101101
0001100011000100
0001101110000101
0001010011011000
0000101100001011
0000010010110111
0000100010001001
0001001111111111
0001101111110111
0001100101000000
0000110110100111
0000001101000111
0000010111111000
0001001100011010
0001101110010100
0001100011011100
0001000000001001
0000011100011101
0000010100001101
0000110110101011
0001100100001010
0001110001000011
0001010001001100
0000011101011000
0000001010010011
0000110000011111
0001100010010000
0001101100101010
0001010011010011
0000101110000010
0000010100010110
0000100001001110
0001001110101001
0001110000000001
0001100101011110
0000110101100101
0000001100100111
0000011001011100
0001001100100101
0001101100110011
0001100100011111
0001000001110001
0000011010111001
0000010010000101
0000110110101011
0001100101111110
0001110001110111
0001001111111100
0000011101001101
0000001100010000
0000110000111101
0001100000001110
0001101100001110
0001010101011001
0000101110000001
0000010001010000
0000100000110010
0001010001011100
0001110000001010
0001100010011110
0000110101101000
0000010000000110
0000011001110111
0001001001011010
0001101011101011
0001100110011101
0001000011100010
0000011010000100
0000010000010100
0000110111100110
0001100111100100
0001110000001010
0001001101011101
0000011110010100
0000001110111110
0000110000101100
0001011101011001
0001101011001110
0001010111011100
0000110000000011
0000010000101110
0000011110110010
0001010001111100
0001110010010000
0001100001110010
0000110011010000
0000001111111111
0000011100000000
0001001010101100
0001101010000101
0001100100100101
0001000100000010
0000011010110111
0000010000000110
0000111000000010
0001101001100000
0001110000101110
0001001010111110
0000011100101111
0000010000100110
0000110001011000
0001011100001000
0001101011100110
0001011001010011
0000101111011111
0000001110000011
0000011110100111
0001010011110010
0001110010100011
0001100000100000
0000110010101111
0000010001101100
0000011101011110
0001001000101000
0001100111111110
0001100110001111
0001000101100110
0000011001011011
0000001111000110
0000111001010111
0001101001011010
0001101110011000
0001001010110101
0000011111011011
0000010010010000
0000110000000111
0001011001011111
0001101011011001
0001011100000010
0000110000010101
0000001100011000
0000011110011111
0001010101000011
0001110001111001
0001011110010011
0000110011001011
0000010101000000
0000011110000101
0001000101010110
0001100110000010
0001100111100011
0001000111100000
0000011001101001
0000001110000111
0000111001101011
0001101010011011
0001101100100111
0001001000010001
0000100001000111
0000010101100000
0000101110110110
0001010110011000
0001101011101001
0001011101111000
0000110000000001
0000001010111001
0000011111011100
0001010111011111
0001110000100100
0001011011000000
0000110100000110
0000011000000001
0000011101101001
0001000010111101
0001100110010111
0001101001011100
0001000110100000
0000010111010101
0000001111000110
0000111100010110
0001101010110000
0001101010100110
0001000111001111
0000100010100010
0000010110010011
0000101101100001
0001010101100111
0001101101001001
0001011110111000
0000101110001111
0000001001011010
0000100000111100
0001011000111110
0001101111010111
0001011001000011
0000110100110100
0000011010100101
0000011101101011
0001000000010110
0001100101011111
0001101100001000
0001001001001101
0000010101010001
0000001011011111
0000111101010111
0001101100100011
0001101000111001
0001000110010100
0000100100101100
0000010111000011
0000101011001100
0001010101000001
0001110000001011
0001011111111001
0000101011010011
0000001000001001
0000100011001011
0001011010000111
0001101101000110
0001010110111101
0000110110001011
0000011100100100
0000011100101011
0000111111010000
0001100111010011
0001101100101110
0001000101010101
0000010011100001
0000010000010110
0001000000100001
0001101000100111
0001100101011001
0001001000110000
0000100111011100
0000010101100110
0000101001110001
0001010110110010
0001110000011101
0001011101100000
0000101011000101
0000001010011110
0000100100001110
0001010111111111
0001101011010011
0001011001011111
0000111000101111
0000011010010001
0000011010001110
0001000000110110
0001101001001111
0001101011110001
0001000011100111
0000010100001000
0000010010000101
0001000000100001
0001100110111100
0001100100111101
0001001010011011
0000101000000111
0000010011100001
0000101000101110
0001011001000011
0001110001110000
0001011010010110
0000101000010111
0000001100111011
0000100110100000
0001010110011010
0001101001111110
0001011010101111
0000111010001010
0000011001010010
0000011000001000
0001000001100000
0001101011010010
0001101010111000
0001000001111001
0000010101011110
0000010100000010
0000111111001011
0001100101000111
0001100110000101
0001001011100000
0000100110110010
0000010010100111
0000101001100000
0001011001100110
0001110001011011
0001011001111110
0000101001011101
0000001110111010
0000100110011101
0001010011111011
0001101000101010
0001011100000011
0000111010101100
0000011000011011
0000011100101100
0001001101111000
0001101011011010
0001001001110011
0000011111101110
0000101101101101
0001010100100111
0001010100001111
0000110110100100
0000101110010110
0001000000000101
0001001001000001
0001000000100000
0000111110011110
0001000110010100
0001000010111000
0000110101101100
0000110101011010
0001000100011111
0001001101100011
0001000100110101
0000110111110001
0000110110111111
0000111111010000
0001000011011110
0001000001011101
0001000001110111
0001000100001001
0000111110001101
0000110101110110
0000111010110011
0001000111011011
0001001000101101
0000111110100011
0000111000101000
0000111100100001
0001000000110000
0000111111111011
0001000000101011
0001000101101010
0001000101000000
0000111010001011
0000110011101001
0000111101111000
0001001011001001
0001001000010110
0000111100011011
0000111001001010
0000111101000011
0000111101111000
0000111110111101
0001000101011010
0001000111110011
0000111110101011
0000110101110000
0000111010010001
0001000100100010
0001000101110010
0001000000100001
0000111110010001
0000111110100101
0000111101001100
0000111100011001
0001000000110010
0001000110010110
0001000010110110
0000111001111111
0000111001101101
0001000001101000
0001000101001011
0001000000111110
0000111101110001
0000111111000001
0000111110101100
0000111011111101
0000111111000000
0001000110100110
0001000101101110
0000111010111111
0000110110100000
0000111110100111
0001000101110001
0001000011010111
0000111111000001
0000111111011010
0000111111111011
0000111100000100
0000111010011111
0001000010011000
0001001001010001
0001000010010011
0000110111000101
0000111000110110
0001000010110000
0001000100010010
0000111111010111
0001000001000010
0001000100001011
0000111100111100
0000110101100010
0000111101011110
0001001001110011
0001000110101110
0000111010110001
0000111001010101
0001000000011101
0001000001011101
0000111101100101
0001000000010001
0001000110000101
0001000001001001
0000110111000110
0000111001110000
0001000101100100
0001000111100111
0000111101111010
0000111001010001
0000111111111101
0001000011100011
0000111110001011
0000111100010100
0001000010001001
0001000100100111
0000111101100010
0000110111111010
0000111111010010
0001001000010001
0001000010111101
0000111001001101
0000111011010111
0001000010111000
0001000001110000
0000111101000110
0001000000000001
0001000100001100
0000111111001100
0000111001000001
0000111101011111
0001000110001011
0001000100101101
0000111011111100
0000111010101111
0001000001101110
0001000011010000
0000111101000001
0000111100011010
0001000011111010
0001000100010010
0000111010011000
0000111000001000
0001000010101111
0001001000101101
0001000000011001
0000110111100111
0000111100010100
0001000100011111
0001000001111010
0000111100110110
0001000000100111
0001000100000101
0000111101110100
0000111000001010
0000111110110011
0001000111101101
0001000011010101
0000111001110100
0000111011100000
0001000010110110
0001000010000100
0000111101000010
0000111110111100
0001000011101000
0001000000101000
0000111010011110
0000111011111001
0001000011111001
0001000110001110
0000111101101010
0000110111101110
0000111110100111
0001000101100011
0001000001000001
0000111011100000
0000111111100011
0001000011110110
0000111110010101
0000111001100110
0000111111111010
0001000110110011
0001000010010010
0000111001100010
0000111010111011
0001000011001110
0001000011100001
0000111100101100
0000111100111010
0001000011101111
0001000010011001
0000111010001011
0000111011101010
0001000101001101
0001000101001101
0000111011010101
0000111000010100
0001000001001001
0001000110001000
0000111110110011
0000111010110100
0001000010001001
0001000100110001
0000111100000011
0000111000001011
0001000001100000
0001001000000110
0001000000000101
0000110111111001
0000111101001110
0001000101001010
0001000010100000
0000111011110101
0000111101100000
0001000010111101
0000111111111011
0000111010001011
0000111110100110
0001000110100111
0001000011110011
0000111010000000
0000111000111100
0001000001100100
0001000100110000
0000111110111001
0000111101001111
0001000010100101
0001000010010000
0000111010011100
0000111001111100
0001000011111011
0001000111101101
0000111110110001
0000110111110110
0000111101001000
0001000100011110
0001000001011011
0000111011110100
0000111111111111
0001000100011000
0000111101101001
0000111000011011
0001000000100000
0001001000001000
0001000001001101
0000110111101100
0000111011111000
0001000100110110
0001000010101001
0000111011011100
0000111101111111
0001000101000001
0001000001000111
0000110111111010
0000111011010011
0001000110100011
0001000110011110
0000111100001010
0000111000101100
0000111111101101
0001000011100001
0000111110100111
0000111101000101
0001000010111010
0001000011110000
0000111011110000
0000111000010000
0001000001000110
0001000111111100
0001000001000101
0000111001000000
0000111100010110
0001000010111010
0001000001101111
0000111101010100
0000111111011001
0001000011011011
0000111110111111
0000111000110000
0000111101010111
0001000110011100
0001000100101100
0000111011011011
0000111001111111
0001000000110110
0001000010101100
0000111101101000
0000111101101101
0001000011111010
0001000010001010
0000111001011010
0000111010010100
0001000100010010
0001000110000101
0000111101100101
0000111001100100
0000111110111000
0001000010110101
0000111111100110
0000111101101100
0001000001101001
0001000010110100
0000111100100011
0000111001001010
0001000000010001
0001000110101010
0001000001011011
0000111010010001
0000111101001100
0001000010011111
0000111111101001
0000111011110011
0001000000110000
0001000101110010
0000111111001101
0000110111011010
0000111100101000
0001000110101011
0001000100111101
0000111011001010
0000111010001100
0001000001101011
0001000010010000
0000111100011100
0000111101110100
0001000100011011
0001000010010100
0000111001100110
0000111001111010
0001000011100010
0001000110001100
0000111110010010
0000111010100101
0001000000000111
0001000001110111
0000111100010111
0000111100100101
0001000100010101
0001000101010101
0000111011110110
0000110111010011
0000111111110011
0001000110101101
0001000000110010
0000111010010000
0000111110010011
0001000011101000
0000111111011001
0000111001110001
0000111111100101
0001000111011001
0001000001011100
0000110111011110
0000111010011001
0001000100011011
0001000100111101
0000111100110100
0000111011011101
0001000001111011
0001000001011101
0000111010011100
0000111100010011
0001000110010101
0001000101110110
0000111001100010
0000110111010101
0001000010100110
0001000110011000
0000111110000001
0000111010010010
0001000000111011
0001000100011011
0000111101000101
0000111000100110
0001000000110100
0001000110111001
0000111111110100
0000111000110000
0000111101010111
0001000100010001
0001000001011110
0000111011100100
0000111110100010
0001000011011001
0000111110110011
0000111001010100
0000111110111101
0001000111010011
