0000111110011001
0001000010011100
0001000010111101
0000111110001100
0000111101001000
0001000010011010
0001000011100011
0000111110001000
0000111100111001
0001000010010110
0001000100100101
0000111111101111
0000111100010000
0001000000101001
0001000100010110
0000111111010100
0000111100000010
0001000001001111
0001000100100111
0001000000000111
0000111100001101
0001000000011000
0001000100111110
0001000000100001
0000111011110110
0001000000000110
0001000100011101
0001000001011101
0000111101000110
0000111110111001
0001000011101001
0001000010010110
0000111101000100
0000111101101010
0001000010110110
0001000011010111
0000111110101101
0000111101110110
0001000010010101
0001000010100011
0000111101111000
0000111101110101
0001000011001100
0001000011100101
0000111110001000
0000111101010101
0001000010001100
0001000010111011
0000111110111101
0000111101101000
0001000000011101
0001000010111100
0001000001010011
0000111110110000
0000111111100110
0001000010000100
0001000001010101
0000111110010001
0000111111000101
0001000011001110
0001000010011100
0000111101110001
0000111110001100
0001000010111010
0001000010101101
0000111101101000
0000111101010000
0001000010101010
0001000011111111
0000111111000010
0000111101010101
0001000001000001
0001000010010011
0000111111001110
0000111110101000
0001000010000100
0001000010011111
0000111110110010
0000111101100011
0001000001011011
0001000100000010
0001000000001101
0000111100011100
0000111111101001
0001000011110000
0001000001101000
0000111101110110
0000111110110110
0001000010101101
0001000001110100
0000111101011001
0000111110011101
0001000011011011
0001000010100100
0000111101011011
0000111110100011
0001000100000100
0001000010111101
0000111101000111
0000111101001000
0001000010011000
0001000011101111
0000111111011000
0000111101011010
0001000001110000
0001000011110011
0000111111000100
0000111101000010
0001000001100001
0001000011011010
0001000000000111
0000111110000011
0000111111110000
0001000001110001
0000111111111111
0000111101111100
0001000000111000
0001000011100011
0001000000111111
0000111110100011
0000111111011100
0001000001001000
0001000001010011
0001000000001001
0000111111100010
0001000000001100
0001000000101100
0000111101100010
0000110110011111
0000111001010100
0001010011110100
0001101001101101
0001001001101000
0000001100001001
0000000110011001
0001000101000010
0001111011110011
0001110100011110
0000111110111001
0000001101000001
0000001000110100
0000110101110001
0001101011000100
0001111000101101
0001010010101011
0000011000000010
0000000000001001
0000100110011111
0001100100000111
0001111101011010
0001011111010000
0000100100000011
0000000000000000
0000011000000001
0001010101010101
0001111011010111
0001101001100011
0000110011011011
0000000111110110
0000001110001100
0001000001101010
0001110010000010
0001110101000000
0001000111101110
0000001111100010
0000000011110000
0000110011001011
0001101011000010
0001110110000110
0001010001110111
0000011111100001
0000001000101000
0000100010011011
0001010110001011
0001110110001000
0001100101110000
0000101111011010
0000000100110100
0000010101011001
0001010000011111
0001110110011000
0001100110111010
0000110110001011
0000001111000110
0000010100011111
0001000000001100
0001101010011000
0001101111100101
0001000111011100
0000010011100110
0000001001111011
0000110110011010
0001101001110000
0001110010001010
0001001100111011
0000011100001101
0000001010110111
0000101010110110
0001011100111011
0001110010111000
0001011100011000
0000101010010110
0000000111011100
0000011010101111
0001010010110101
0001110101001100
0001100011100001
0000110011011110
0000001111110000
0000010110101001
0001000010000010
0001101001110101
0001101100011110
0001001000010010
0000010111111001
0000001001110111
0000110010010011
0001100101111010
0001110010000010
0001010001100011
0000100001001001
0000001011100111
0000100110100010
0001010111000010
0001110001000101
0001011111100000
0000110000001000
0000001011100111
0000010111001010
0001001010010100
0001110001010100
0001101000110011
0000111100011000
0000010001110111
0000010000011011
0000111011101101
0001101001000000
0001101111011011
0001001100000000
0000011011010111
0000001010001011
0000101100111111
0001100000110000
0001110010111011
0001010110011001
0000100101000100
0000001010101111
0000100010111110
0001010101011000
0001110000101011
0001011111110000
0000110001110001
0000001101111000
0000011001001110
0001001001011011
0001101110011110
0001101001010110
0000111110001101
0000010000010011
0000001111001001
0000111101011110
0001101010011110
0001101111000011
0001001010010001
0000011001100110
0000001010011100
0000101110111101
0001100001101100
0001110010100000
0001010110011110
0000100100110111
0000001000011100
0000100001110000
0001011000010101
0001110100010000
0001011111011010
0000101110011000
0000001100000101
0000011001101011
0001001001101111
0001101111001000
0001101010101001
0000111110101001
0000001111001010
0000001100111111
0000111101011101
0001101101101010
0001110000110110
0001001000010100
0000010111001110
0000001010111000
0000110000000110
0001100001001101
0001110011010010
0001010111110110
0000100011001100
0000000110101100
0000100010110110
0001011001001110
0001110011001101
0001011111010111
0000110000001101
0000001100000001
0000010111100111
0001001010000011
0001110001010100
0001101010101010
0000111100001100
0000001110011000
0000001110110010
0000111110000111
0001101101001111
0001110000000110
0001000111001101
0000011000101001
0000001100100101
0000101110101000
0001100000010111
0001110100100011
0001011000100111
0000100010111110
0000000110011101
0000100010011011
0001011000001111
0001110011011100
0001100000010001
0000101111010100
0000001011111011
0000011001011011
0001001010010000
0001110000000100
0001101010001011
0000111100100000
0000001110101000
0000001111010001
0000111110101000
0001101011110010
0001101111001000
0001001001000010
0000011000100001
0000001010101000
0000101111010110
0001100001010111
0001110011100010
0001011000011101
0000100100000011
0000000111010100
0000100010100110
0001010110111100
0001110010000000
0001100001100111
0000110000111111
0000001010001110
0000010111001110
0001001010000000
0001101111110110
0001101010011110
0000111110101011
0000010000011000
0000001111001100
0000111110100111
0001101011100000
0001101101100111
0001001000011100
0000011001111101
0000001011111111
0000101110011100
0001100000000100
0001110011100011
0001011000010010
0000100011111100
0000001000010111
0000100010110111
0001010111000110
0001110010001100
0001100000001111
0000110001010000
0000001100000100
0000010111100000
0001001001110011
0001110000100110
0001101001111000
0000111011100101
0000001110111110
0000010010001001
0001000000010010
0001101001010110
0001101100011011
0001001001100010
0000011010101011
0000001011001100
0000101101110010
0001100001100101
0001110101111101
0001010111111001
0000100000100001
0000000110011111
0000100101000001
0001011000111001
0001110001001010
0001011110100011
0000110000100111
0000001101000001
0000011000011100
0001001001111111
0001110001011010
0001101010000000
0000111010000101
0000001110000001
0000010010101101
0001000001100110
0001101001011000
0001101011010110
0001001001011110
0000011010001101
0000001010000111
0000101111011111
0001100011101101
0001110011101111
0001010100101101
0000100010000111
0000001001100001
0000100101000100
0001010111111100
0001110001000011
0001011111011111
0000110000101110
0000001011001000
0000010111101011
0001001011010100
0001110001011010
0001101001011111
0000111011001010
0000001111000011
0000010001010010
0000111111100111
0001101011001110
0001101110000101
0001001000101011
0000011000010111
0000001010101001
0000110000100100
0001100011001111
0001110010110010
0001010100111110
0000100010110101
0000001001100101
0000100100010001
0001010111001001
0001110001110100
0001100000101110
0000110001110110
0000001011111110
0000010110110011
0001001001000101
0001110000011000
0001101010011101
0000111100110001
0000001111011011
0000010000101011
0000111110110010
0001101010000111
0001101110010111
0001001010011111
0000011001110111
0000001010111001
0000101111101100
0001100001100111
0001110001100100
0001010101111110
0000100101010111
0000001010000110
0000100001011100
0001010100101101
0001110010111110
0001100010101001
0000110001000011
0000001010110011
0000010111111011
0001001011001101
0001110000001001
0001101000001001
0000111100111000
0000010001110011
0000010001000100
0000111101010101
0001101000111111
0001101110001100
0001001011000110
0000011010010100
0000001010001000
0000101111101011
0001100011011010
0001110001110100
0001010011101110
0000100101000100
0000001011111001
0000100010101110
0001010101001011
0001110010000100
0001100001111101
0000110001100110
0000001010100000
0000010111011111
0001001100110000
0001110000101011
0001100101100100
0000111010110100
0000010011111000
0000010011100111
0000111100000110
0001100111001011
0001101111010100
0001001100011010
0000011000110001
0000001000011111
0000110000101001
0001100100001010
0001110001001100
0001010100000100
0000100101001000
0000001011111001
0000100011001101
0001010100010100
0001110001100110
0001100010110101
0000110001011000
0000001010000011
0000011000011110
0001001101000011
0001101111110111
0001100100111111
0000111010110011
0000010100000110
0000010100000110
0000111011100011
0001100101100111
0001101111001011
0001001101011111
0000011010000110
0000001000111110
0000110000000110
0001100100101100
0001110001101010
0001010010000101
0000100100101001
0000001101111100
0000100010110000
0001010010100000
0001110010000100
0001100100011110
0000110001101001
0000001001010101
0000010111100111
0001001100010000
0001101111110010
0001100110011101
0000111100100110
0000010011001000
0000010001101100
0000111100011111
0001101000110101
0001101111001001
0001001010110011
0000011000011011
0000001001101110
0000110001000100
0001100100001011
0001110010000000
0001010011011111
0000100100000110
0000001100010100
0000100011101111
0001010100001101
0001110001001010
0001100010011000
0000110001010100
0000001010001110
0000011000010000
0001001100010011
0001101111011101
0001100101110101
0000111100000101
0000010100010101
0000010011000101
0000111011111110
0001100111101101
0001101110111100
0001001011100001
0000011001101010
0000001010101000
0000110000110001
0001100010110011
0001110000100100
0001010010100100
0000100100001101
0000001101111100
0000100100001000
0001010010101011
0001110000000101
0001100010001000
0000110011000110
0000001101000101
0000011000010100
0001001010001100
0001101110101100
0001100110010101
0000111011111100
0000010011111000
0000010011101110
0000111100010101
0001100111000000
0001101110111110
0001001011100000
0000011000011011
0000001001101010
0000110001101011
0001100011111100
0001101111111011
0001010010111110
0000100110001100
0000001101011011
0000100010100110
0001010010101011
0001110001100111
0001100100000101
0000110001001001
0000001010110100
0000100010011000
0001010111011110
0001011110000010
0000111001100000
0000101111101100
0001001010101111
0001010000100110
0000110011100110
0000100110101011
0000111110110101
0001010011100110
0001001010111100
0000111011010010
0000111010001110
0000111101000011
0000111001111110
0000111110110100
0001001110000110
0001001110001100
0000111001100011
0000101101110110
0000111000111110
0001001000011110
0001001100001111
0001000110100110
0000111110101100
0000111001000010
0000110111001101
0000111100000110
0001001000000101
0001001110011010
0001000100001010
0000110110110100
0000110110000010
0000111110000111
0001000110010100
0001001001000000
0001000011110111
0000111101000010
0000111011000011
0000111100110001
0001000000010110
0001000101001000
0001000110000110
0001000000100010
0000111100101001
0000111110100111
0001000000010001
0001000001000010
0001000011100011
0001000010111011
0000111100110101
0000111010000110
0001000000100000
0001000111111001
0001000110100101
0000111110111000
0000111001100100
0000111011110110
0001000010001100
0001000101010010
0001000100010000
0001000001000011
0000111011111111
0000111001000101
0000111110110111
0001001000110001
0001001001101001
0001000000001111
0000111000101010
0000111001111000
0000111111011101
0001000100000100
0001000110101011
0001000101110100
0000111110101011
0000110110110100
0000111001110111
0001000101100011
0001001010010110
0001000011100001
0000111011110101
0000111011010101
0000111110110010
0001000000011000
0001000001010011
0001000100100110
0001000101010000
0000111110011101
0000111000010101
0000111101001001
0001000110100111
0001000110100110
0000111110110001
0000111100100100
0001000001010000
0001000001101110
0000111110000100
0000111111110000
0001000100100001
0001000011010000
0000111110001110
0000111101010001
0001000000010110
0001000001111100
0001000000000110
0001000000000110
0001000011011000
0001000011000010
0000111101011110
0000111011110100
0001000001001110
0001000100110000
0001000010000111
0000111111000010
0000111111101010
0001000001001100
0000111111111010
0000111101101100
0001000000011100
0001000100101010
0001000010000000
0000111101010000
0000111110110000
0001000010110000
0001000010100100
0000111111001010
0000111110000111
0001000001000011
0001000010001010
0000111111011010
0000111111100000
0001000011011000
0001000010101001
0000111100111101
0000111100010000
0001000010011000
0001000100110111
0001000000000111
0000111101100110
0001000001001000
0001000010111101
0000111111011111
0000111101111001
0001000001101011
0001000011100101
0000111111001011
0000111100011100
0001000000111010
0001000100111110
0001000001110001
0000111101001011
0000111101110001
0001000001010111
0001000010101001
0001000001010100
0001000000111111
0001000001110101
0000111111111000
0000111100100111
0000111101110000
0001000010010110
0001000100000100
0001000001000101
0000111110100011
0001000000001100
0001000001110000
0000111110111111
0000111110011011
0001000011100010
0001000100101110
0000111110001110
0000111011100101
0001000000110110
0001000100010001
0001000001110001
0000111110110100
0000111110110010
0001000000100011
0001000001000110
0000111111101110
0001000000110111
0001000011110010
0001000001011000
0000111011111011
0000111101000010
0001000011001100
0001000100011001
0001000000010011
0000111110100000
0001000000100101
0001000000101110
0000111101111101
0000111111000010
0001000100010111
0001000100101100
0000111101101011
0000111010110011
0001000000111001
0001000101101010
0001000001111000
0000111101010000
0000111111100001
0001000010011100
0000111111110111
0000111101110100
0001000010000001
0001000101000111
0001000000101101
0000111010111010
0000111100101000
0001000011011010
0001000101011011
0001000001100000
0000111110100100
0000111111001000
0000111111000111
0000111110001100
0001000000010101
0001000100101010
0001000100101111
0000111110111010
0000111010101010
0000111101110001
0001000100000000
0001000011111000
0000111110101100
0000111110011111
0001000010100101
0001000000101001
0000111100110000
0001000001000100
0001000101101111
0001000001001110
0000111011010111
0000111101110100
0001000011010011
0001000011010011
0000111111110011
0000111111110000
0001000000100010
0000111110100110
0000111110100000
0001000001100010
0001000011010111
0001000001111100
0000111110011110
0000111110000110
0001000010000000
0001000010010101
0000111110101110
0000111111010101
0001000010010110
0001000000111011
0000111101100101
0000111110110010
0001000011001101
0001000011110110
0000111111100110
0000111100100010
0000111111001000
0001000011011111
0001000011000101
0000111111011011
0000111110101111
0001000000011111
0001000000000000
0000111110100111
0001000000111001
0001000011111111
0001000010011010
0000111110011100
0000111101010011
0000111111110110
0001000001111011
0001000001001000
0001000000110010
0001000001101010
0001000000011011
0000111101110001
0000111110101110
0001000011000001
0001000011000110
0000111101110101
0000111101010010
0001000010010111
0001000011000111
0000111111011100
0000111110101101
0001000001011101
0001000010001000
0000111110111011
0000111101011101
0001000001100000
0001000100011011
0001000001000110
0000111101000101
0000111110110000
0001000010000101
0001000001001111
0000111111101011
0001000001001001
0001000001101100
0000111110110000
0000111101011001
0001000000111000
0001000100010000
0001000001100001
0000111100101111
0000111110001000
0001000011001010
0001000010101011
0000111110010100
0000111110111111
0001000010101111
0001000001010011
0000111101000110
0000111110111001
0001000100010000
0001000011100001
0000111101011110
0000111100010110
0001000001010110
0001000010110111
0000111111010111
0000111111101111
0001000011101000
0001000010000001
0000111100010011
0000111100010100
0001000011000001
0001000101001000
0000111110101000
0000111011101100
0001000001111000
0001000100111010
0000111110100011
0000111011101000
0001000010011100
0001000101110110
0000111111011001
0000111010111111
0001000000001111
0001000101010110
0001000001100011
0000111100100100
0000111111000101
0001000010101110
0001000000001100
0000111101010000
0001000000100011
0001000100101111
0001000001011010
0000111011111000
0000111101111101
0001000011101100
0001000011001101
0000111101101011
0000111101111101
0001000011001110
0001000001110010
0000111100010110
0000111110101001
0001000100100110
0001000011100000
0000111101001000
0000111100000101
0001000010100110
0001000100110100
0000111110101011
0000111100011100
0001000001011011
0001000011001001
0000111110111101
0000111101011100
0001000001110101
0001000100000010
0001000000000111
0000111100110001
0000111111001110
0001000010101111
0001000000111101
0000111101110110
0001000000100101
0001000100000101
0001000000011100
0000111100000110
0000111111100111
0001000101000110
0001000010011110
0000111011110110
0000111100001000
0001000010001111
0001000100011000
0000111111100100
0000111100001111
