0000111100100001
0001000010010011
0001000100011100
0000111111000101
0000111100001111
0001000000111101
0001000100100111
0001000000101111
0000111100010010
0000111111000111
0001000011111100
0001000001101100
0000111100110110
0000111110110101
0001000011011100
0001000001011010
0000111101001000
0000111111000001
0001000011000110
0001000001110010
0000111101110110
0000111110111110
0001000010111110
0001000001010111
0000111100110110
0000111110101110
0001000011101011
0001000010001110
0000111101010111
0000111110100001
0001000011101000
0001000010101010
0000111100111011
0000111101001110
0001000011000101
0001000011011011
0000111101011101
0000111100011010
0001000010101011
0001000100110000
0000111110110101
0000111100001101
0001000001001101
0001000011111100
0000111111101111
0000111100110011
0001000000001101
0001000011010011
0001000000001110
0000111101001001
0001000000010001
0001000011110100
0001000001000011
0000111100111100
0000111111000110
0001000011100100
0001000001011011
0000111100010110
0000111110100111
0001000100101000
0001000010110000
0000111011111001
0000111100100100
0001000011100010
0001000100001101
0000111101110010
0000111100110101
0001000010111001
0001000011110101
0000111101011111
0000111100010011
0001000010110111
0001000100110100
0000111110010000
0000111011000101
0001000001000111
0001000101011010
0000111111110011
0000111010110110
0001000000100101
0001000101111110
0001000000110000
0000111011010011
0000111111111000
0001000101011010
0001000000100101
0000111001101111
0000111110011110
0001000110101011
0001000011100011
0000111011011000
0000111100111010
0001000100110010
0001000011110111
0000111011110001
0000111011110010
0001000100000010
0001000101001100
0000111101010110
0000111011010100
0001000010011111
0001000100111010
0000111110000111
0000111011011100
0001000010000111
0001000101010010
0000111110101110
0000111011100111
0001000010100101
0001000101011010
0000111101010111
0000111001110100
0001000010011000
0001000111011110
0000111111100100
0000111001100011
0001000000100010
0001000110110100
0001000000010000
0000111001001001
0000111110110011
0001000110101110
0001000011001010
0000111011100110
0000111101011111
0001000011110011
0001000010100000
0000111011110110
0000111000101011
0000111001110000
0001000011011100
0001011001101101
0001100000001010
0000111000000001
0000001000101000
0000010101101110
0001010110100011
0010000000000000
0001100111001000
0000101010101110
0000000111001001
0000011010010100
0001001101000110
0001110000010000
0001101000101011
0000111111011011
0000010100111101
0000001110100111
0000110111001101
0001101100110001
0001111010001001
0001001101100000
0000010001100001
0000000101000010
0000110011011010
0001101000110101
0001110100001011
0001010101000110
0000100110011011
0000001010010000
0000011101000111
0001010100000101
0001111011001010
0001101001010000
0000101110000000
0000000101101101
0000011000101111
0001001101011010
0001101111000011
0001100111110101
0001000010100011
0000011000011010
0000001101101101
0000110010100100
0001101000000100
0001111001100110
0001010010001001
0000010111001000
0000000110010111
0000101111100101
0001100011100111
0001110010101011
0001010111110010
0000101010001000
0000001011111110
0000011011110111
0001010001101101
0001111001110010
0001101001101001
0000101111101000
0000000111000011
0000011000010111
0001001011100101
0001101101110001
0001101001001110
0001000100110100
0000010111100111
0000001011010010
0000110100100010
0001101100011100
0001111000001011
0001001100100100
0000010110101010
0000001011011001
0000110000101011
0001011110010100
0001110000101110
0001011101100001
0000101110011010
0000001000111110
0000010111100000
0001010001001011
0001111010110110
0001101010100000
0000110010110110
0000001010110110
0000010110011010
0001000101011111
0001101011111011
0001101101011000
0001001000011000
0000010111100101
0000001010011011
0000110011110110
0001101010000010
0001110101100001
0001001101111100
0000011011101100
0000001110010000
0000101110010000
0001011010110100
0001101111101110
0001011101100100
0000101110001111
0000001010101001
0000011010001110
0001010001011001
0001111000100000
0001100111011000
0000110001010101
0000001101011111
0000011010010111
0001000101000011
0001101001000010
0001101101001111
0001001001110000
0000010110110110
0000001001110011
0000110101100000
0001101010100101
0001110011101010
0001001101100010
0000011101110111
0000001111000110
0000101100001101
0001011000101100
0001110000100100
0001100000110001
0000101111111011
0000001000101101
0000011000101011
0001010010000111
0001110110110001
0001100101000110
0000110100111001
0000010010100100
0000011000101101
0000111111010000
0001100111100001
0001110001011110
0001001100101000
0000010100100000
0000000111011010
0000110111001100
0001101100011011
0001110001010100
0001001011011010
0000100000111001
0000010001110111
0000101000111000
0001010101000000
0001110011001100
0001100100100000
0000101101001110
0000000100001000
0000011011000010
0001011000000101
0001110111000101
0001100000001100
0000110010111000
0000010100011100
0000011001001011
0000111111000100
0001101010001110
0001110010111001
0001001000100101
0000010000111111
0000001001110100
0000111010101101
0001101011101111
0001101111111010
0001001100011000
0000100001001110
0000001111111111
0000101000000011
0001010111000100
0001110101001101
0001100011001101
0000101010011000
0000000101001010
0000011110101101
0001010111001100
0001110010011001
0001011111110010
0000110110101110
0000010101101101
0000010110100000
0000111101100010
0001101100011011
0001110100100011
0001000110111101
0000001111011011
0000001010100111
0000111011110101
0001101011110000
0001101111011111
0001001100100001
0000100001101010
0000001111000101
0000100110110100
0001011000111101
0001110111110111
0001100001001011
0000100111001011
0000000110100100
0000100001000001
0001010101100011
0001110000110001
0001100001110011
0000111000001000
0000010011111101
0000010101000101
0000111101100111
0001101100110010
0001110101000100
0001000110110000
0000001110101110
0000001011100010
0000111101100100
0001101011000111
0001101101011100
0001001100110000
0000100011001010
0000001110100010
0000100101011101
0001011000110111
0001111000000110
0001100001011000
0000101000011011
0000000111101110
0000100000001011
0001010100101001
0001110000110110
0001100001000111
0000110111011010
0000010100011110
0000010110011110
0000111111110101
0001101101000000
0001110001010110
0001000100011010
0000010000111011
0000001101110111
0000111100001011
0001101001001110
0001101110111001
0001001110101001
0000100001100100
0000001100111010
0000100110111100
0001011001111101
0001110110111110
0001100000100000
0000101000100010
0000000111100100
0000011111111110
0001010011111100
0001110000100011
0001100011000000
0000111001000000
0000010010110010
0000010100010100
0001000001001001
0001101111011100
0001110001000000
0001000010100001
0000010000111100
0000001111000110
0000111011111011
0001100111011001
0001101110100111
0001010000110110
0000100010010110
0000001010101110
0000100101101000
0001011011111010
0001111000101011
0001011111001011
0000100111000110
0000001000101101
0000100001010100
0001010010110101
0001101111010001
0001100011100010
0000111001011010
0000010010011111
0000010100111011
0001000001100010
0001101110000010
0001101111001011
0001000010101011
0000010011101010
0000010000101100
0000111010010010
0001100110000011
0001101111000001
0001010000100010
0000100001101101
0000001011101010
0000100111011000
0001011100010011
0001110111000011
0001011101101010
0000100111110111
0000001010001110
0000100001001110
0001010001111101
0001101110111011
0001100011111111
0000111010001011
0000010010100100
0000010100101111
0001000001010111
0001101101000010
0001101110010010
0001000010111111
0000010100010011
0000010001100001
0000111010100011
0001100100101110
0001101101111010
0001010001001110
0000100010100010
0000001011011010
0000100111100100
0001011100110111
0001110101111100
0001011011010001
0000100111110001
0000001101101010
0000100011000101
0001001111011010
0001101101010011
0001100101111010
0000111010111110
0000010000110001
0000010100100011
0001000011111110
0001101101001111
0001101010001101
0001000010010110
0000011001100000
0000010011011000
0000110110000001
0001100001111000
0001110000000101
0001010011000000
0000100001001010
0000001010000010
0000101001001011
0001011111000011
0001110100001101
0001011000010111
0000101001110110
0000010000110111
0000100000101110
0001001011000010
0001101101100010
0001101001101010
0000111100001100
0000001110010000
0000010011010010
0001000101101111
0001101110001110
0001101001001110
0001000001011101
0000011001111000
0000010100001010
0000110101011011
0001100000110100
0001110001011011
0001010101000010
0000011111111101
0000001000100001
0000101010111110
0001100000000101
0001110001110111
0001010110110001
0000101010111100
0000010010000100
0000100000101000
0001001010110011
0001101110001111
0001101010000110
0000111010101011
0000001100010010
0000010100000101
0001000111111101
0001101101110100
0001100111010001
0001000010000111
0000011011110100
0000010011011000
0000110011000000
0001100001000111
0001110011110111
0001010100010111
0000011100111111
0000001001000100
0000101110011110
0001100000010101
0001101110100110
0001010101101000
0000101110000010
0000010100001010
0000011101100111
0001000111110000
0001110000101010
0001101101011010
0000111001100011
0000001010010101
0000010100111110
0001001001011010
0001101101001101
0001100101001000
0001000001000111
0000011101000111
0000010100100011
0000110010110100
0001100000110100
0001110011100000
0001010011110111
0000011101000100
0000001001011110
0000101110100011
0001011111011100
0001101101011010
0001010110111101
0000110000011101
0000010011000011
0000011011001110
0001001001000010
0001110010110110
0001101011101011
0000110110010111
0000001011001110
0000011000100011
0001001001110101
0001101010100100
0001100100100001
0001000011101010
0000011111000000
0000010010111001
0000110000000100
0001100000110010
0001110101101011
0001010101001110
0000011100010101
0000001000111110
0000101110110111
0001011110110010
0001101100001100
0001010111010110
0000110000111011
0000010010000000
0000011010111100
0001001010110100
0001110011010000
0001101001100010
0000110101110011
0000001100101100
0000011000011010
0001000111011110
0001101001010111
0001100110011110
0001000101110011
0000011101111111
0000010001010101
0000110000111001
0001100010011110
0001110100111011
0001010010011111
0000011100010101
0000001011011011
0000101110111001
0001011100101111
0001101100110111
0001011010010011
0000110000110101
0000001110111111
0000011010011011
0001001100111101
0001110100000100
0001100111110000
0000110100000001
0000001110101011
0000011011010110
0001000101110001
0001100110010101
0001101000000111
0001001000111100
0000011100100000
0000001101100011
0000110001011110
0001100101101011
0001110100011010
0001001111110011
0000011101110011
0000010010010001
0000110111110110
0001011100010001
0001010010111100
0000110111000001
0000111000011011
0001001010001110
0001000101010111
0000110010011110
0000110011100111
0001000101101001
0001001100000111
0001000011101100
0000111100101001
0000111010111110
0000111001100000
0000111100011101
0001000111000001
0001001011101111
0001000001011000
0000110110001100
0000110111111101
0000111111011100
0001000011110001
0001000110001010
0001000101101111
0000111101111011
0000110101010011
0000111000101011
0001000101001100
0001001010101100
0001000011110000
0000111011010010
0000111001000111
0000111010110110
0000111110110111
0001000101111011
0001001001101000
0001000010100110
0000110111010011
0000110110110100
0001000001101010
0001000111101011
0001000010101110
0000111110000111
0000111111011010
0001000000010110
0000111101111100
0000111100110100
0001000001001010
0001000101101011
0001000001100010
0000111001011110
0000111010010100
0001000011001010
0001000111010010
0001000010101001
0000111100101011
0000111011010001
0000111100110110
0000111110111101
0001000010100111
0001000110010100
0001000011011101
0000111010100100
0000111000001011
0001000000011110
0001000110010010
0001000010001101
0000111110010000
0001000000000011
0000111111101000
0000111010100111
0000111011100100
0001000101001001
0001001001101100
0001000001001001
0000110110111000
0000111000011101
0001000010010011
0001000110001100
0001000001101000
0000111111000111
0001000000010000
0000111101100010
0000111010001010
0000111111000100
0001000110111000
0001000100111000
0000111011110101
0000111001101011
0000111111100010
0001000010001010
0001000000000101
0001000000110111
0001000011001101
0000111111101101
0000111001101100
0000111100000101
0001000100110000
0001000101110011
0000111101100111
0000111001111100
0000111111001101
0001000011010111
0001000000111110
0000111110101000
0001000000010110
0001000000011000
0000111100100000
0000111100000110
0001000010000000
0001000101110110
0001000010010111
0000111011110101
0000111010011011
0000111111010100
0001000010001100
0001000000000000
0001000000100001
0001000011011010
0000111111011100
0000111001011000
0000111100100101
0001000100011101
0001000100011010
0000111101111011
0000111100001100
0001000000101000
0001000001111111
0000111101111001
0000111101101101
0001000011010010
0001000011001111
0000111011110100
0000111001111010
0001000000111101
0001000101100110
0001000001110011
0000111100110110
0000111101100101
0001000000001110
0000111110110011
0000111101011100
0001000001111101
0001000101101111
0001000000001110
0000111001001010
0000111100001111
0001000011100010
0001000011001110
0000111101110101
0000111101110101
0001000001101011
0001000000010001
0000111100100011
0000111111010100
0001000100001011
0001000001100111
0000111011001011
0000111011000100
0001000001100000
0001000100110010
0001000000101011
0000111100110101
0000111110100111
0001000000101001
0000111110111100
0000111110001111
0001000001101000
0001000100000001
0000111111110011
0000111001111100
0000111100000101
0001000010110001
0001000011010100
0000111111001000
0000111110111000
0001000001000011
0000111111001100
0000111011110010
0000111111000000
0001000101000000
0001000010000011
0000111010000000
0000111011010100
0001000100000101
0001000100101101
0000111101010001
0000111011111111
0001000001111100
0001000001111011
0000111011110010
0000111100011110
0001000100001100
0001000101100000
0000111101101001
0000111000100010
0000111101101010
0001000100110000
0001000011000010
0000111101100010
0000111110010010
0001000001000101
0000111110011110
0000111100000011
0001000000011011
0001000100110111
0001000000111011
0000111010110010
0000111100110111
0001000011100011
0001000011011101
0000111100110101
0000111011110100
0001000001101111
0001000010010110
0000111100100100
0000111100011001
0001000100000000
0001000101101011
0000111011111101
0000110111000101
0000111111111100
0001000110101010
0001000001001110
0000111011111001
0000111111011011
0001000010111001
0000111110001000
0000111010011000
0001000000100001
0001000101110101
0001000000011001
0000111010010101
0000111101110110
0001000011100101
0001000001110001
0000111100101110
0000111101111101
0001000010010100
0001000000010110
0000111011111001
0000111110100101
0001000100011001
0001000010101000
0000111011000100
0000111010001001
0001000001101101
0001000100110100
0000111111010001
0000111100011101
0001000000011100
0001000001111110
0000111101100100
0000111011111101
0001000001001111
0001000100011100
0000111111100100
0000111011000010
0000111110011001
0001000011000010
0001000000111000
0000111101010101
0000111111001011
0001000001100111
0000111111010010
0000111100100011
0000111111010111
0001000011011011
0001000001000110
0000111100000100
0000111101010010
0001000010000001
0001000001010011
0000111101100111
0000111110110111
0001000010000101
0001000000010010
0000111100010000
0000111101111001
0001000010111111
0001000001111010
0000111100100110
0000111101010010
0001000001111001
0001000001100101
0000111110000000
0000111110000011
0001000000110100
0001000000010000
0000111101011000
0000111110110001
0001000010110001
0001000001101001
0000111100011001
0000111011111101
0001000001011000
0001000011011011
0000111111001001
0000111100011111
0000111111110001
0001000001111000
0000111110011111
0000111011111100
0000111111111110
0001000011111111
0001000000100000
0000111011100011
0000111110000011
0001000011001010
0001000001010011
0000111100001000
0000111100110110
0001000001100111
0001000001110111
0000111110001111
0000111110110011
0001000010010100
0001000000001111
0000111010111011
0000111101000111
0001000100010110
0001000011101010
0000111100011110
0000111011100101
0001000001001110
0001000010010101
0000111101011100
0000111100011110
0001000001100110
0001000010110101
0000111101010001
0000111011010001
0001000000110011
0001000100000001
0000111111100110
0000111011100011
0000111110011000
0001000010000011
0001000000001001
0000111101110000
0001000000100101
0001000010001011
0000111101101110
0000111011011100
0001000000001101
0001000011101111
0000111111110011
0000111011011100
0000111110100010
0001000011011100
0001000000110010
0000111011010011
0000111110000111
0001000100100001
0001000001101111
0000111001111111
0000111011100100
0001000100001111
0001000100101001
0000111100100001
0000111010101010
0001000001011000
0001000011100001
0000111101101010
0000111011011011
0001000000110000
0001000011010101
0000111110010111
0000111011010001
0001000000000100
0001000100010101
0000111111111100
0000111010100110
0000111110110001
0001000100011000
0000111111110010
0000111010010110
0000111111100100
0001000101001101
0000111111101001
0000111000011000
0000111101000001
0001000110010001
0001000011110011
0000111010010100
0000111010111010
0001000011010100
0001000011010110
0000111011011000
0000111011001010
0001000011110111
0001000101010000
0000111100001100
0000111000111000
