0000111111010010
0000111011000010
0000111110111110
0001000010111000
0001000000111000
0000111110100111
0001000000001100
0001000010100000
0001000000111010
0000111101010110
0000111101010001
0001000000010010
0001000001101101
0001000000010110
0000111111001100
0001000001010101
0001000001111010
0000111101011010
0000111100000011
0001000001000000
0001000011010011
0000111111110011
0000111110001111
0001000001011010
0001000010110000
0000111110100111
0000111011101111
0000111111111010
0001000011100111
0000111111110101
0000111100111010
0001000001010110
0001000011110101
0000111110100010
0000111011100011
0001000000011010
0001000100000111
0001000000010110
0000111011111111
0000111111000100
0001000100100110
0001000001110101
0000111010110110
0000111100111111
0001000100100010
0001000011010101
0000111100000101
0000111101001010
0001000100011110
0001000010110011
0000111010110110
0000111100011000
0001000100010101
0001000011101010
0000111100101100
0000111100111100
0001000011001011
0001000011010111
0000111100010110
0000111010101111
0001000010000011
0001000100101010
0000111110001010
0000111100011110
0001000011000001
0001000100100110
0000111101110000
0000111010100011
0001000000011000
0001000100100010
0000111111111101
0000111011111111
0001000000110000
0001000100111000
0000111111101001
0000111010001011
0000111110010110
0001000100011011
0001000001101110
0000111100000000
0000111110101001
0001000100100001
0001000001110101
0000111011011001
0000111100110100
0001000011001100
0001000011010000
0000111101100001
0000111101011010
0001000011100010
0001000011001011
0000111011101101
0000111011101011
0001000011011100
0001000011110100
0000111100110111
0000111100100011
0001000010111101
0001000100000010
0000111101111001
0000111011010101
0001000000111010
0001000100110001
0000111111111111
0000111011011011
0000111111101101
0001000100011000
0000111111110101
0000111010111011
0000111111010011
0001000100100010
0001000001000100
0000111011011111
0000111110011000
0001000100101011
0001000010100101
0000111011111111
0000111100110000
0001000010010001
0001000010001101
0000111110000100
0000111110011101
0001000010100110
0001000010010110
0000111101110011
0000111100110000
0001000000010011
0001000001101001
0000111100111110
0000110101011001
0000111000111101
0001010011010011
0001100110110111
0001000111101010
0000010010000111
0000001110111001
0001000000111001
0001101100110101
0001110000000000
0001001100000100
0000011001001111
0000000111000000
0000101100110010
0001100101011010
0001111001011111
0001010111110110
0000011111100101
0000000111111110
0000100110110000
0001011000011101
0001110010101110
0001100100011101
0000110001111101
0000000110001101
0000010101101011
0001010000111101
0001110111011000
0001101001110110
0000111010000100
0000001111010000
0000010000101100
0000111101110111
0001101100000100
0001110101110100
0001010000001101
0000010110001100
0000000100100101
0000101111000111
0001100100011101
0001110100111100
0001011001111101
0000101000010010
0000001010010101
0000011110110001
0001010000101011
0001110011010101
0001101011000100
0000111000010100
0000000111101110
0000010001100011
0001001011000011
0001110101101000
0001101101001010
0000111101110000
0000001111111000
0000001101111011
0000111010101100
0001101100100110
0001110111111001
0001010000001011
0000010100101010
0000000010000000
0000101110010011
0001101001101100
0001111010110000
0001010111010100
0000100000101101
0000000111001101
0000100001010001
0001010110100000
0001111010000001
0001101011000110
0000101110111010
0000000000000000
0000010101000110
0001010011001111
0001111000001010
0001101011000011
0000111011000110
0000001100110011
0000001100110011
0000111100111010
0001101111010101
0001111001011001
0001001111111011
0000010010100110
0000000000100011
0000101111000010
0001101010000100
0001111010001100
0001011000001110
0000100010101010
0000000111100001
0000011111100111
0001010100111101
0001111001100110
0001101010111111
0000101111110000
0000000010111100
0000010101101111
0001001111100100
0001110101001100
0001101011100111
0000111101010000
0000001110101010
0000001101011101
0000111100100001
0001101110010000
0001110111101011
0001001111010110
0000010100101110
0000000011100101
0000101111101111
0001100111000000
0001110110010111
0001011000111110
0000100110001011
0000000111010010
0000011110010001
0001010101110011
0001111000000000
0001101000101101
0000110010000010
0000000101101101
0000010110000001
0001001111001001
0001110011000101
0001101001010011
0000111110011001
0000010001101010
0000001101111010
0000111010100101
0001101101100101
0001110111110100
0001001101001001
0000010011001010
0000000111001011
0000110011110110
0001100101110010
0001110011101110
0001011000111001
0000100101101100
0000000110001100
0000100000001000
0001011001001101
0001110111111110
0001100100010011
0000101110101001
0000000111111010
0000011001110111
0001001111010011
0001110001011110
0001101001111001
0000111111001111
0000001111101101
0000001101011001
0000111111011100
0001110000100101
0001110010111110
0001001000010010
0000010100101111
0000001001100111
0000110011000101
0001100101010010
0001110011111100
0001011000010100
0000100101011000
0000000110011101
0000100000001011
0001011001111000
0001111000101010
0001100010110101
0000101101100000
0000001010100110
0000011100100100
0001001101001111
0001101110100111
0001101001101100
0000111111011010
0000010000000110
0000001111000010
0001000000001111
0001101110101100
0001110001010110
0001001001100001
0000010110111010
0000001010100101
0000110010101100
0001100011011111
0001110010111100
0001011010011001
0000100110100101
0000000100101010
0000011111110110
0001011011110101
0001111000100101
0001100001100000
0000101110101010
0000001010110001
0000011001011111
0001001100001101
0001110001001011
0001101011010101
0000111111111100
0000010000010111
0000001100101111
0000111101010000
0001101111011111
0001110100001001
0001001001100001
0000010101011011
0000001010101010
0000110010110001
0001100010111101
0001110100110101
0001011100000000
0000100101000001
0000000100011100
0000100000110000
0001011001111111
0001110111110011
0001100011111010
0000101111001101
0000001001101010
0000011001100001
0001001011100011
0001101111000010
0001101011111100
0001000010111001
0000010000010011
0000001011010011
0000111110100111
0001101111111100
0001110001010011
0001001001101111
0000011001001000
0000001010000111
0000101111011110
0001100011101001
0001110110000011
0001011010111000
0000100101000101
0000000100110110
0000100000100011
0001011011011000
0001110111110111
0001100001011010
0000101111101011
0000001100110100
0000011001011011
0001001000101011
0001101110110100
0001101110000110
0001000010101010
0000001110001001
0000001011010000
0000111111100110
0001101111110101
0001110001101011
0001001001111010
0000011001000110
0000001100011110
0000110000101100
0001011111111001
0001110011101010
0001011101010111
0000100110011011
0000000010111111
0000011111111110
0001011100000110
0001110111011101
0001100001011000
0000110001001100
0000001101101011
0000010111101010
0001000111010001
0001110000100100
0001101111001101
0001000001000000
0000001110001011
0000001101100100
0001000000110011
0001101110010101
0001101101111110
0001001000110000
0000011100101001
0000001110101100
0000101101111100
0001011110101011
0001110110111000
0001011101100100
0000100010011011
0000000011011101
0000100100100111
0001011100011010
0001110011101000
0001011111110001
0000110010011110
0000001110011011
0000010111101100
0001000111001001
0001101111101111
0001101111100000
0001000010011100
0000001110000011
0000001101010000
0001000001101110
0001101110011101
0001101101010011
0001001000111110
0000011100111110
0000001101010000
0000101100101001
0001100000000111
0001111000101101
0001011101001010
0000100001000010
0000000010111101
0000100101100001
0001011101011000
0001110011010000
0001011111101010
0000110011001100
0000001110010010
0000010110111111
0001000111011010
0001110000111101
0001101111001100
0001000000000011
0000001101111000
0000010000000001
0001000001011111
0001101010101111
0001101101010011
0001001101000010
0000011101011101
0000001010001100
0000101100101110
0001100010101100
0001111000000010
0001011010011111
0000100001100110
0000000101100001
0000100101000010
0001011011000100
0001110011001001
0001100000011110
0000110011100001
0000001110010011
0000010110010010
0001000111011100
0001110011001100
0001101111001010
0000111101001010
0000001110001110
0000010001111110
0001000000001111
0001101001011011
0001101110011110
0001001100111110
0000011011110100
0000001001110001
0000101101011110
0001100011000100
0001111000100101
0001011010100011
0000100000010011
0000000110100101
0000100111111001
0001011000111010
0001101110011101
0001100010101100
0000111000001100
0000001100011110
0000010011000010
0001001000111010
0001110100000111
0001101101111100
0000111101110100
0000001111000110
0000010010000101
0001000000100011
0001101000010111
0001101101000010
0001001110010011
0000011101100111
0000001000100110
0000101100101010
0001100101001100
0001110111101101
0001010110001111
0000100001100011
0000001010011010
0000100101110011
0001010110011001
0001110001101001
0001100101000111
0000110101101100
0000001010100101
0000010100001000
0001001001110010
0001110011110001
0001101100110100
0000111100100010
0000010000000111
0000010011110011
0000111111110100
0001100110101110
0001101101001101
0001001110110111
0000011100101010
0000001000111011
0000101111111101
0001100110000101
0001110100010011
0001010100110101
0000100011001110
0000001011000010
0000100101001111
0001010110101110
0001110001101011
0001100100010000
0000110101111010
0000001010111010
0000010011011111
0001001010100010
0001110100110111
0001101011100110
0000111011110001
0000010010001110
0000010101011011
0000111101010101
0001100100001010
0001101110101011
0001010001010011
0000011100111001
0000000111101111
0000101110100000
0001100110000111
0001110101100100
0001010100100110
0000100010011011
0000001011110100
0000100110010100
0001010101010101
0001110000110101
0001100110001111
0000110110000001
0000001000000110
0000010011101000
0001001101001101
0001110011010101
0001101000100011
0000111110001011
0000010101010111
0000010011011000
0000111011011011
0001100101011111
0001101111001010
0001001111111011
0000011100101011
0000001001000011
0000101111000110
0001100101100101
0001110100100111
0001010011001000
0000100010010011
0000001101110001
0000100111000011
0001010100010101
0001110001001000
0001100111011100
0000110100110111
0000000110010010
0000010100011101
0001001110101010
0001110011001010
0001100111111100
0000111110101111
0000010110011101
0000010010011010
0000111000110101
0001100101100001
0001110010000011
0001010000110010
0000011010000111
0000001000010011
0000110001110110
0001100101110000
0001110001011111
0001010011110000
0000100101111000
0000001101000010
0000100011101101
0001010100001000
0001110001101011
0001100110011100
0000110110001111
0000001010110001
0000011100000111
0001010101000011
0001100100011011
0001000001011100
0000110000100101
0001000011011101
0001001001100110
0000110111000000
0000110010011010
0001000100010010
0001001011110111
0001000000000101
0000111010010010
0001000010011000
0001000011010111
0000111010001100
0000111011100100
0001000110111100
0001000111110101
0000111100111100
0000110111100111
0000111110001011
0001000101101001
0001000100001100
0000111110011100
0000111101011101
0000111111010101
0000111101100110
0000111100011010
0001000011001001
0001001000100010
0001000001110011
0000111000101011
0000111001111111
0001000000010011
0001000010101011
0001000010000100
0001000001010000
0001000001001101
0001000000000100
0000111100010010
0000111011011001
0001000001011110
0001000101111011
0001000010000111
0000111101100010
0000111110100001
0000111111101100
0000111100110100
0000111101100111
0001000100101001
0001000101011100
0000111100001001
0000111000001100
0001000000111111
0001001000000101
0001000010110010
0000111010101011
0000111010101010
0000111111010000
0001000001100100
0001000010001110
0001000100101111
0001000011100011
0000111001110110
0000110100111100
0000111111001011
0001001010001000
0001000111011000
0000111110011100
0000111010001110
0000111011010100
0000111111000011
0001000010111101
0001000101001001
0001000011100001
0000111100111000
0000110111001000
0000111010110010
0001000101011111
0001001011000001
0001000011110010
0000111000110100
0000110111111001
0000111101111110
0001000001011101
0001000011110011
0001000110111011
0001000011011000
0000111001000110
0000110101101101
0000111110101000
0001000111100000
0001000101100100
0000111110110000
0000111101001011
0000111110011000
0000111101010101
0000111110010000
0001000011101001
0001000110010101
0000111111101101
0000110111011010
0000111010110000
0001000101100100
0001000111010111
0000111111001111
0000111010111110
0000111110000110
0000111111110000
0000111110001010
0001000000111110
0001000110110110
0001000011111100
0000111001011011
0000110111011111
0001000000101000
0001000110001100
0001000001011001
0000111100110101
0001000000011111
0001000010001111
0000111100001100
0000111011001011
0001000011101010
0001000110111011
0000111110101001
0000110111100111
0000111101011011
0001000110111000
0001000100000100
0000111011110101
0000111101001110
0001000010001001
0000111110111111
0000111011110101
0001000001010101
0001000110010001
0001000001011110
0000111001100110
0000111010100111
0001000010100100
0001000100101111
0000111111001110
0000111101010000
0001000001011000
0001000001100010
0000111100100101
0000111101000110
0001000011100111
0001000100000010
0000111100001011
0000111001110000
0001000001100001
0001000110110001
0001000001100000
0000111010101011
0000111100001011
0001000001110001
0001000001110000
0000111110010110
0001000000100001
0001000100010011
0000111111101101
0000111000111101
0000111100110001
0001000100110011
0001000011000011
0000111101000010
0000111110010110
0001000010101110
0001000001010000
0000111100110000
0000111101001110
0001000001010111
0001000001111000
0000111101011011
0000111101010010
0001000011110110
0001000100110100
0000111100111011
0000111010000000
0001000000010010
0001000011011110
0000111111011100
0000111101001001
0001000001101001
0001000100001110
0000111110001111
0000111001111011
0000111111101010
0001000100010011
0001000000000100
0000111101000011
0001000000110000
0001000011001010
0000111110111111
0000111011010101
0000111110101100
0001000011010010
0001000001001110
0000111100110100
0000111110011010
0001000011011101
0001000010011110
0000111100110010
0000111100100111
0001000001011010
0001000001111101
0000111101110011
0000111110000101
0001000011001110
0001000011001100
0000111100110110
0000111010111011
0000111111110001
0001000010011000
0000111111001010
0000111110001101
0001000010110000
0001000011001001
0000111101000111
0000111010111111
0000111111110000
0001000011011100
0001000001000010
0000111101010011
0000111111001111
0001000010110001
0001000000010001
0000111100000011
0000111101110010
0001000010010111
0001000001110001
0000111101100110
0000111110000100
0001000010010000
0001000001111001
0000111101110100
0000111100111000
0001000000000001
0001000001101111
0000111111010110
0000111110011110
0001000001101011
0001000010000000
0000111101010000
0000111011101010
0000111111110001
0001000011011000
0001000001000100
0000111101110000
0000111111110101
0001000010001110
0000111110111110
0000111100000010
0000111110101111
0001000010011000
0001000001111111
0000111110100010
0000111110000111
0001000001010010
0001000001000011
0000111101010101
0000111101110111
0001000001100000
0001000000111100
0000111101110110
0000111110101001
0001000010100110
0001000010100010
0000111101011010
0000111011110101
0000111111111100
0001000001100011
0000111110111101
0000111111000011
0001000010101010
0001000010011101
0000111100101110
0000111010111000
0001000000100001
0001000011000111
0000111111010000
0000111110000010
0001000001011111
0001000001110100
0000111101100000
0000111100011101
0001000001000000
0001000010110101
0000111110101011
0000111100111010
0001000001001100
0001000011001111
0000111110011100
0000111011100110
0000111111111111
0001000010100111
0000111111001000
0000111101110000
0001000001011000
0001000010110101
0000111111010011
0000111011111111
0000111101100100
0001000001100100
0001000001101000
0000111110010010
0000111110110100
0001000001111011
0001000000100100
0000111100110111
0000111101010100
0001000001010011
0001000010101100
0000111111000101
0000111100100011
0001000000010101
0001000010111111
0000111110001101
0000111010100011
0000111111111000
0001000100011100
0001000000000010
0000111011111011
0000111111111100
0001000100011010
0001000000011101
0000111010100001
0000111101000100
0001000011010000
0001000001111001
0000111100111111
0000111110110101
0001000011111001
0001000001000111
0000111010001110
0000111100011011
0001000011011010
0001000010011011
0000111101100101
0000111110100111
0001000010100100
0001000000111001
0000111011101100
0000111100100100
0001000010011100
0001000010101101
0000111101011110
0000111100110100
0001000010000110
0001000011011001
0000111101100111
0000111011010111
0001000000101100
0001000010101111
0000111110000000
0000111100110100
0001000001111010
0001000100001010
0000111111001101
0000111010100100
0000111101001111
0001000010110111
0001000010001001
0000111101010100
0000111101110010
0001000010110001
0001000010000011
0000111011101010
0000111100001011
0001000011000101
0001000011000011
0000111100101000
0000111100100001
0001000010100011
0001000011000110
0000111101000000
0000111011110011
0001000001010100
0001000010011111
0000111101110001
0000111100101100
0001000001100111
0001000011111100
0000111110100100
0000111001101011
0000111110001011
0001000100010110
0001000001000110
0000111100000011
0001000000000111
0001000100100011
0000111110111111
