0000111111101010
0001000000001101
0001000001011000
0001000000010001
0000111110110111
0000111111011110
0001000000011111
0001000000000111
0000111111101101
0001000000111011
0001000001100110
0000111111110000
0000111110011101
0000111111101111
0001000000111110
0001000000000011
0000111110110010
0001000000001011
0001000010011101
0001000001001000
0000111101111011
0000111110010110
0001000001011001
0001000001100001
0000111110110010
0000111110011011
0001000001011000
0001000010101110
0000111111111000
0000111101011101
0000111111011110
0001000001110011
0001000000100100
0000111111000011
0001000000000001
0001000001001111
0001000000010010
0000111110101101
0000111111010110
0001000000101101
0001000000100001
0001000000000111
0001000000100101
0001000000101000
0000111111011000
0000111110110110
0001000000101100
0001000001111101
0000111111011111
0000111101011010
0000111111110000
0001000010110011
0001000001100000
0000111110001111
0000111110101010
0001000001100110
0001000001000100
0000111101111101
0000111110101000
0001000010010011
0001000010010010
0000111111000010
0000111110101000
0001000000111000
0001000000011111
0000111110010110
0000111111011000
0001000010001100
0001000001110011
0000111110100111
0000111110010011
0001000001001011
0001000001100001
0000111110110001
0000111110011011
0001000001000010
0001000010000000
0000111111110001
0000111110001010
0001000000001010
0001000010000100
0000111111111101
0000111101101110
0001000000010000
0001000010111110
0001000000011000
0000111101011101
0000111111110011
0001000010101101
0001000000011011
0000111100110000
0000111110110010
0001000011101000
0001000010011010
0000111101100010
0000111110000111
0001000010001111
0001000001110100
0000111101110001
0000111101101111
0001000001101111
0001000010100001
0000111111010001
0000111110010100
0001000001010101
0001000010010010
0000111110010110
0000111100100100
0001000001000101
0001000011110001
0000111111110100
0000111101001011
0001000000110111
0001000011010110
0000111111011000
0000111100100010
0001000000000000
0001000011000100
0001000000101011
0000111101110100
0000111111101101
0001000010110000
0001000000101100
0000111100110001
0000111110100100
0001000010110100
0001000001100111
0000111011110111
0000110111101011
0000111100010010
0001001110111001
0001011101110111
0001001000110010
0000011011000011
0000001111100110
0000111101011010
0001110010101010
0001110100010100
0001000000001100
0000001100000001
0000001100111100
0000111110001010
0001101100100010
0001110000000101
0001001010100110
0000011011100011
0000001011011011
0000101010101100
0001011110111110
0001111000110011
0001011110010011
0000100011111110
0000000010011001
0000011110011001
0001011010100001
0001111001100010
0001100001111010
0000101110000111
0000001011100110
0000011000000100
0001001000000100
0001110001111110
0001101111111100
0000111111111001
0000001100011111
0000001011111000
0000111110001000
0001101101011110
0001110000001000
0001001011000010
0000011101111100
0000001101001111
0000101000010101
0001011001101100
0001110110110001
0001100010011011
0000101010000001
0000000100011100
0000011010110000
0001010100000101
0001110110110101
0001100111000010
0000110101111001
0000001100100111
0000010001000101
0001000001011010
0001110010001100
0001110101001101
0001000101011000
0000001101110110
0000000110111001
0000110111101010
0001101101100010
0001110110101111
0001010000011101
0000011100000001
0000000101111101
0000100101001010
0001011111010011
0001111101010011
0001100001011100
0000100100011001
0000000001100011
0000011100000111
0001010101111111
0001110111111101
0001101000100100
0000110110000111
0000001001110010
0000001110101100
0001000010110100
0001110101001111
0001110101100001
0001000010110000
0000001100111000
0000001001010100
0000111001000001
0001101011101011
0001110101010011
0001010001010001
0000011100011111
0000000101100001
0000100101010011
0001011111100000
0001111100011101
0001100000101110
0000100101110010
0000000011110100
0000011011001100
0001010001111001
0001110110100000
0001101100001100
0000111010001110
0000001001001010
0000001010100110
0001000000110100
0001110110100000
0001110111010101
0001000100010110
0000001110000000
0000001000101101
0000110101110100
0001101000000011
0001110110111101
0001010111101011
0000011110110011
0000000001000100
0000100001001110
0001100000001101
0001111110111111
0001100001100000
0000100101011000
0000000011101001
0000011010100001
0001010000111010
0001110110111111
0001101101111010
0000111010110010
0000000111111000
0000001001010000
0001000000111100
0001110111111011
0001111000001011
0001000011110011
0000001101010101
0000001000000100
0000110101010011
0001101001000111
0001111000011010
0001010111010011
0000011101010101
0000000000011111
0000100010010111
0001100001010111
0001111110101001
0001100001000111
0000100101100000
0000000011000110
0000011001111000
0001010001101100
0001111000110101
0001101110001111
0000111000000000
0000000101101101
0000001011011010
0001000011110001
0001110111000111
0001110110001101
0001000011101010
0000001101110000
0000000111111011
0000110101000110
0001101001011010
0001111000111011
0001010111001111
0000011100100001
0000000000000000
0000100010110100
0001100010001100
0001111110111100
0001100000100111
0000100101001110
0000000011000101
0000011001011011
0001010001011100
0001111001010100
0001101110111001
0000111000111011
0000000101110010
0000001010000100
0001000011001101
0001110111100111
0001110110000010
0001000011100110
0000001110110010
0000001000010010
0000110100011110
0001101001100110
0001111001100000
0001010110010010
0000011011001110
0000000000100010
0000100100101011
0001100010110110
0001111101000100
0001011110110001
0000100110000101
0000000100111001
0000011001101011
0001010000101110
0001111001010011
0001101110111010
0000110111010000
0000000101001001
0000001100100110
0001000100111001
0001110101101101
0001110011111111
0001000100111110
0000010001011101
0000000111100111
0000110000111011
0001101000110011
0001111100110010
0001011000000010
0000011001011000
0000000000001101
0000100110110000
0001100010011000
0001111010110000
0001011110111001
0000100111111001
0000000100101110
0000010111111101
0001010000110111
0001111010111100
0001101111001110
0000110110011000
0000000100101100
0000001100110000
0001000100110010
0001110100111100
0001110100000110
0001000110001111
0000010001100010
0000000110000111
0000110001000100
0001101010111001
0001111100101011
0001010101010001
0000011001000111
0000000010110001
0000100110110000
0001011111001101
0001111001101011
0001100010000010
0000101010101110
0000000011110101
0000010101110000
0001010000110110
0001111100010010
0001101110110000
0000110100001100
0000000100110001
0000001111101000
0001000101101110
0001110010110111
0001110011000011
0001000111110011
0000010010011101
0000000100100110
0000101111010110
0001101011010111
0001111110100110
0001010101111001
0000010111100011
0000000001011011
0000100111101100
0001100000010100
0001111000111000
0001100001010110
0000101011100101
0000000100010011
0000010101000101
0001010000010111
0001111100100001
0001101111010011
0000110100111000
0000000101000110
0000001110110111
0001000100010100
0001110010101001
0001110100010001
0001001000100110
0000010001110110
0000000011111010
0000110000010011
0001101100101001
0001111101011110
0001010100010001
0000011000100111
0000000010111110
0000100110101110
0001011110011011
0001111000110101
0001100011000001
0000101100111100
0000000011111000
0000010011011110
0001001111011100
0001111100101110
0001101111110001
0000110101111010
0000000110010101
0000001110001101
0001000010101110
0001110010101101
0001110100110011
0001000111011010
0000010000111001
0000000101101101
0000110010010100
0001101011110011
0001111011111001
0001010100100010
0000011001010010
0000000010110000
0000100110010110
0001011110111011
0001111010010011
0001100011101001
0000101011000010
0000000001110111
0000010100010011
0001010001101101
0001111101100100
0001101110010101
0000110011101101
0000000101101111
0000001111111100
0001000100001111
0001110010001000
0001110100001111
0001001000010111
0000010000100011
0000000011001110
0000110001110001
0001101110010000
0001111101100000
0001010011011001
0000010111101100
0000000010101011
0000100111000010
0001011111100011
0001111010100001
0001100010110100
0000101010001001
0000000010001000
0000010100110110
0001010001110000
0001111101001101
0001101101111010
0000110100001011
0000000110111011
0000010000001101
0001000011001100
0001110001001110
0001110100110110
0001001001110000
0000010000110001
0000000010011111
0000110001100010
0001101110010010
0001111100111110
0001010010100110
0000011000001100
0000000100111001
0000101000000011
0001011101001011
0001111000000111
0001100011110000
0000101100010000
0000000010001110
0000010011101111
0001010001111100
0001111110011101
0001101101111111
0000110010100001
0000000101111000
0000010001011001
0001000100011000
0001110000100110
0001110100001011
0001001010001010
0000010001010011
0000000010101101
0000110001111100
0001101110001011
0001111011001111
0001010001010100
0000011001100010
0000000110011101
0000100111011111
0001011100011001
0001111000101101
0001100100010111
0000101011001110
0000000001000100
0000010100111011
0001010011011101
0001111101001000
0001101011110100
0000110011101000
0000001000110000
0000010001010001
0001000001011000
0001101111010100
0001110101100001
0001001010111001
0000010000111011
0000000011000101
0000110010011011
0001101101100001
0001111010001001
0001010000110100
0000011010101100
0000001000001110
0000100110111011
0001011010100011
0001111000111100
0001100101101110
0000101011001110
0000000000101110
0000010101111101
0001010100000110
0001111011011111
0001101010010110
0000110100100111
0000001001111110
0000010000101000
0001000001000100
0001110000100111
0001110110000000
0001001001001010
0000001111001111
0000000011111110
0000110100111001
0001101101101100
0001110111111110
0001010000110011
0000011100101011
0000000111110011
0000100100110101
0001011010110000
0001111010011100
0001100101000101
0000101001100001
0000000001010100
0000010111101010
0001010011110011
0001111010010111
0001101010101100
0000110101100001
0000001001101001
0000001111001111
0001000000101000
0001110010010000
0001110111001111
0001001000000101
0000001110101001
0000000101100010
0000110101001111
0001101011101001
0001110111010111
0001010011000111
0000011101111011
0000000101110000
0000100011100101
0001011100110101
0001111011100000
0001100010100110
0000100111100111
0000000010101111
0000011001110110
0001010011001111
0001110111110101
0001101010100100
0000111000000111
0000001010001010
0000001100111101
0001000000011110
0001110100110000
0001110111110001
0001000101101110
0000001101010011
0000000110011110
0000110101100110
0001101010101100
0001110111011100
0001010100010010
0000011110010111
0000000101011001
0000100010111000
0001011100010100
0001111100001100
0001100011110101
0000101000001000
0000000011101111
0000011111011010
0001011001110111
0001101100111010
0001001010101100
0000101010100111
0000110000011100
0001000010011010
0001000010001010
0000111100010110
0001000100000101
0001001011110011
0001000001011101
0000110010110000
0000110101011110
0001000011110111
0001001010100001
0001000110001100
0001000000001110
0000111011100101
0000111000000110
0000111011000101
0001000100010011
0001001001001010
0001000100101110
0000111100111101
0000111000001100
0000111001011011
0001000000111011
0001001001001000
0001001000111111
0000111111001011
0000110101011111
0000110110100100
0001000001011111
0001001010101001
0001001000100110
0000111110011111
0000110111001110
0000111000110000
0001000000010000
0001000111010100
0001001000000111
0001000001000100
0000111000111000
0000111000101010
0001000000110011
0001000111100101
0001000100111110
0000111101100110
0000111010101010
0000111101010000
0001000000011000
0001000010000111
0001000011001010
0001000010100010
0000111110111111
0000111011001100
0000111100011011
0001000010011111
0001000101110101
0001000001110000
0000111100111000
0000111101100100
0000111111101110
0000111111001110
0000111111101110
0001000011001110
0001000100011000
0000111111011000
0000111010010011
0000111100110110
0001000011000001
0001000100000111
0001000000100000
0000111110011110
0000111111000100
0000111110110010
0000111110011011
0001000001011110
0001000100100010
0001000001110000
0000111011111100
0000111011000101
0001000000100010
0001000100101000
0001000010110011
0000111111011110
0000111110000101
0000111101001110
0000111101101000
0001000001011101
0001000101000111
0001000010110010
0000111100110100
0000111011001100
0000111111110001
0001000011100010
0001000001101010
0000111110110011
0000111111110001
0001000000110010
0000111111000101
0000111110111011
0001000001101000
0001000001111111
0000111110010100
0000111100110100
0001000000101101
0001000011100100
0001000000010111
0000111101001000
0000111111111001
0001000011010111
0001000000100010
0000111100001100
0000111110100000
0001000011010000
0001000001101111
0000111101101000
0000111110110101
0001000010011000
0001000001000111
0000111101011000
0000111110101000
0001000011000100
0001000010011001
0000111101100111
0000111101011011
0001000001100001
0001000001101110
0000111110000000
0000111110011000
0001000011000100
0001000011100000
0000111101101101
0000111011000010
0001000000100111
0001000100111110
0001000000111001
0000111100010111
0000111110101100
0001000010010001
0001000000111000
0000111110011010
0001000000001110
0001000010110010
0001000000000011
0000111100000001
0000111110011000
0001000011011011
0001000010101010
0000111110101100
0000111110101101
0001000000111100
0000111111100110
0000111101000111
0000111111110011
0001000100001101
0001000010011010
0000111101010010
0000111101001111
0001000001011010
0001000010001100
0000111110110010
0000111110000010
0001000001010011
0001000001110101
0000111110011011
0000111110010100
0001000010010001
0001000010101111
0000111110011001
0000111100101000
0001000000010001
0001000010110000
0001000000001100
0000111110011000
0001000000110100
0001000001111111
0000111110010100
0000111011110100
0001000000011101
0001000101110010
0001000010010001
0000111011100100
0000111100111010
0001000010100001
0001000001111010
0000111101100011
0000111110101101
0001000011011001
0001000010100001
0000111101001011
0000111100101100
0001000001011001
0001000010111001
0000111111010111
0000111110000011
0001000000111110
0001000001101101
0000111110101100
0000111110010100
0001000010000010
0001000010100111
0000111101101100
0000111011011011
0001000000100000
0001000100111000
0001000001111111
0000111101011000
0000111101110000
0001000000100110
0001000000100110
0000111111010101
0001000000101011
0001000010010110
0001000000001110
0000111101000010
0000111101111111
0001000001101101
0001000010100101
0000111111110101
0000111110000011
0000111111101100
0001000001001010
0001000000000011
0000111111101110
0001000001001011
0001000000101010
0000111110000101
0000111101101010
0001000001000001
0001000011101011
0001000001001110
0000111101001011
0000111101101000
0001000000101110
0001000001000100
0000111111111110
0001000001000101
0001000010000111
0000111111011010
0000111100100100
0000111110001110
0001000010000100
0001000010110000
0000111111101110
0000111110000101
0000111111110100
0001000000101101
0000111111110000
0001000000010111
0001000001100011
0001000000001000
0000111101011100
0000111101100010
0001000001011001
0001000011111011
0001000001011111
0000111101111101
0000111101011001
0000111110110010
0001000000001111
0001000001011101
0001000010000001
0001000001010101
0000111111000111
0000111101001111
0000111110101010
0001000010001001
0001000010010011
0000111110111110
0000111101110000
0001000000000000
0001000001101111
0001000000101010
0000111111011000
0000111111111100
0000111111110100
0000111101110011
0000111101111011
0001000010001010
0001000100110101
0001000001001001
0000111100011100
0000111101010101
0001000000100010
0001000000111100
0001000000001001
0001000000111111
0001000001011110
0000111110111011
0000111100111100
0000111111100110
0001000011010111
0001000010011101
0000111110011111
0000111101010000
0000111111010000
0001000000101100
0001000001000101
0001000001101100
0001000000110011
0000111101111001
0000111100110100
0000111111101010
0001000011001001
0001000010110010
0000111111001101
0000111101101100
0000111111011010
0001000000001011
0000111111010110
0001000000010111
0001000010011101
0001000001001010
0000111101011001
0000111101001110
0001000000110101
0001000010010111
0001000000011010
0000111110111001
0000111111101110
0001000000011101
0000111111101000
0000111111101000
0001000001001100
0001000001000111
0000111110001110
0000111101000001
0001000000101001
0001000011110101
0001000001000011
0000111101011101
0000111110101010
0001000000101110
0000111111110001
0000111110111001
0001000000111000
0001000010001011
0000111111100100
0000111101000101
0000111111010011
0001000010110001
0001000001111100
0000111110010010
0000111101110011
0001000000101010
0001000001101010
0000111111101111
0000111111010001
0001000001010000
0001000000101100
0000111101100111
0000111110011111
0001000010010011
0001000001111011
0000111110100110
0000111110011000
0001000000110101
0001000000110111
0000111110101111
0000111111000110
0001000001100010
0001000001010101
0000111110011000
0000111101110001
0001000001001010
0001000010111101
0000111111100000
0000111100110010
0000111111110000
0001000010110100
0001000000010111
0000111101011000
0000111111110100
0001000011000010
0001000000010110
0000111100001111
0000111110100010
0001000011101000
0001000010011101
0000111101001101
0000111101011001
0001000010000001
0001000001110111
0000111101101111
0000111110001101
0001000010010100
0001000001110110
0000111101100001
0000111101101011
0001000010100100
0001000011010010
0000111110001000
0000111100000011
