0001000010110110
0000111100110011
0000111110001000
0001000011100011
0001000010101101
0000111101101010
0000111101101100
0001000010101001
0001000011100111
0000111110011000
0000111100010100
0001000001000011
0001000011001110
0001000000000110
0000111110100101
0001000000111011
0001000010011011
0000111111001011
0000111100001010
0000111111111011
0001000010111111
0000111111111111
0000111110100010
0001000000010110
0001000001101010
0001000001000010
0000111110001011
0000111110100101
0001000010101111
0001000010001111
0000111110010001
0000111111010111
0001000010101101
0001000001011000
0000111101110000
0000111101101100
0001000000110000
0001000010001101
0001000000010011
0000111110001001
0001000000000110
0001000010011010
0000111111101100
0000111100111110
0000111111110000
0001000010010101
0001000001000111
0000111111010110
0001000000011110
0001000010100001
0000111111011000
0000111011101101
0001000000010100
0001000100010100
0000111111110011
0000111101110101
0001000010000111
0001000010001011
0000111101111100
0000111101100101
0000111111110100
0001000001001011
0001000010000111
0001000000100111
0000111110100110
0001000000110000
0001000001101001
0000111110000110
0000111101101010
0001000001110111
0001000010110001
0000111110101101
0000111101111100
0001000010011110
0001000010100011
0000111101010010
0000111100110110
0001000001010011
0001000011000101
0000111111110111
0000111101001001
0001000000101101
0001000100010111
0001000000000000
0000111011011100
0000111111100000
0001000011110111
0001000000101001
0000111101100101
0001000000100010
0001000010100010
0000111111011100
0000111100101100
0000111111001110
0001000011100011
0001000010000100
0000111101110111
0000111111001000
0001000010101100
0001000001101101
0000111100110010
0000111101000011
0001000011001101
0001000011001010
0000111101100101
0000111110100110
0001000010100010
0001000001100111
0000111101110100
0000111100001110
0001000001011101
0001000101101111
0000111111111010
0000111011101110
0001000001000110
0001000011001100
0000111101111110
0000111100100101
0001000001111010
0001000100000111
0000111111110100
0000111101010011
0001000000010010
0001000011010100
0001000000001110
0000111010010111
0000111101011010
0001000001100110
0000110110011010
0000110101101000
0001011010010010
0001110000000101
0000111110100000
0000000010100010
0000010011000100
0001010001001001
0001110011010011
0001101011011100
0001000001101010
0000010001111010
0000001110000011
0000110111011100
0001100101101110
0001111001001110
0001010111100110
0000010100110001
0000000000000000
0000101111001000
0001100100011101
0001110110101101
0001011110100110
0000100100110001
0000000011010000
0000100000110000
0001010011100101
0001110010010101
0001101110110011
0000111001101010
0000000000001010
0000001110010110
0001001101101110
0001110011010100
0001101110000110
0001000110100011
0000010010011110
0000001010000110
0000110101111011
0001100011001111
0001110100101011
0001011011001011
0000011110010011
0000000011010000
0000101010010110
0001011100100010
0001101111111011
0001100001000011
0000110010001000
0000001011010000
0000011010011010
0001001011000010
0001110000001111
0001101111011101
0000111011110111
0000000110011100
0000010100111010
0001001000110111
0001100110101100
0001101100101101
0001001110011110
0000010100111010
0000001000110100
0000110111000101
0001100101100100
0001110100101100
0001010110101100
0000011011001101
0000000111011011
0000101111101110
0001011100011101
0001101110111010
0001100001000000
0000101101001110
0000000110001010
0000011111010011
0001010011110010
0001110000100110
0001101000111011
0000111000100010
0000001001010000
0000010110111101
0001001010001111
0001101001101100
0001101010101101
0001001001110100
0000010101011100
0000001011101011
0000111001111100
0001100110001010
0001101110010101
0001010010000110
0000011111111011
0000001101000101
0000110000010001
0001011001101110
0001101011111100
0001100000100011
0000101110010011
0000000111001101
0000100001100011
0001010101010101
0001101101111101
0001100100101011
0000111000100001
0000001100001100
0000011000000010
0001001000100000
0001100111100000
0001101100011001
0001001101011100
0000010101000110
0000001010000011
0000111001101110
0001100101010000
0001110000100111
0001010101011001
0000011101111101
0000001010100010
0000110000101010
0001011001111001
0001101100000100
0001100010011101
0000110000000110
0000000110000010
0000011111000100
0001010101101011
0001101111101001
0001100100101100
0000110111111000
0000001100101000
0000010111111010
0001000111000010
0001101001000010
0001101111010110
0001001010110000
0000010000000010
0000001010011110
0000111110011001
0001100111111101
0001101110011010
0001010011010011
0000011101111110
0000001001000110
0000101111010100
0001011100000101
0001101111000010
0001100001010010
0000101011011010
0000000100100100
0000100010001011
0001010111110000
0001110000111000
0001100101110011
0000110101101000
0000001001011000
0000011000010111
0001001001100010
0001101011010110
0001110000111010
0001001001000101
0000001011010000
0000001000110000
0001000001101011
0001101010000011
0001101110000101
0001010010010011
0000011011101001
0000001000001100
0000110001110001
0001011101100101
0001101111001100
0001100010011010
0000101001110110
0000000000000000
0000100010101000
0001011100011110
0001110000001110
0001100011000010
0000110110001110
0000001000111100
0000011000010111
0001001100000110
0001101010110100
0001101110111101
0001001010010101
0000001100111111
0000001000000001
0001000000010110
0001101011100000
0001101111001110
0001010000111101
0000011101001111
0000001001100100
0000101110000100
0001011101000110
0001110010010001
0001100000111010
0000101000100001
0000000011001010
0000100011101110
0001011010001111
0001101111011011
0001100011001011
0000110101110010
0000001001011111
0000011000110110
0001001011111101
0001101011011110
0001101110010100
0001000111111001
0000001100001101
0000001010010001
0001000010010111
0001101001010111
0001101100111111
0001010011011001
0000011110011000
0000000111110100
0000101110111110
0001011110011011
0001110001100011
0001100000010111
0000100111110100
0000000011001000
0000100101001001
0001011010100110
0001101110010000
0001100010101111
0000110111110001
0000001010100000
0000010110001110
0001001010101000
0001101101000111
0001101111001001
0001000111010000
0000001011101100
0000001001010000
0001000000010001
0001101001000101
0001101111010000
0001010011011110
0000011101111000
0000001001001000
0000101101110000
0001011100010100
0001110010010010
0001100000110101
0000100111001010
0000000011111001
0000100110010111
0001011001011111
0001101100001110
0001100011011101
0000111001101101
0000001010100100
0000010100100000
0001001010100010
0001110000011000
0001101111101000
0001000010111110
0000001100001000
0000001110111111
0001000001110101
0001100101100011
0001101101111111
0001010110001000
0000011101111000
0000000100111001
0000101100111001
0001011111110000
0001110011100010
0001011111100000
0000100110101011
0000000101001011
0000100111000001
0001010111000110
0001101010101111
0001100101100000
0000111010101100
0000001001001111
0000010100011011
0001001010101111
0001110000001001
0001101111110000
0001000011000010
0000001011011110
0000001110010010
0001000010001011
0001100110000100
0001101110001100
0001010110100110
0000011101000000
0000000010101111
0000101110010000
0001100011001011
0001110010100111
0001011100110101
0000101000110001
0000000110000001
0000100011001110
0001011000011001
0001101110110100
0001100011111001
0000111001000110
0000001010011001
0000010100001111
0001001011000111
0001110000000000
0001101101011111
0001000010100001
0000001101001100
0000001110010101
0001000000101000
0001100110100110
0001101111100011
0001010110000111
0000011100110100
0000000011101110
0000101100111110
0001100001101111
0001110101000001
0001011110100101
0000100110000011
0000000101111000
0000100101010010
0001010101001100
0001101101110010
0001101001000111
0000111000111000
0000000101110111
0000010101001100
0001001101110001
0001101111001001
0001101011111010
0001000011110000
0000001111010001
0000001101011110
0000111110001110
0001100110000011
0001110000110001
0001010110111000
0000011010110110
0000000010100110
0000101111101100
0001100001110110
0001110001010110
0001011110101101
0000101001100001
0000000110000011
0000100010110100
0001010100010110
0001101101110111
0001100111111101
0000111001010111
0000001000000010
0000010101111010
0001001101001011
0001101101101001
0001101010100101
0001000100100111
0000010000011110
0000001101110101
0000111111001001
0001100110111101
0001110000111101
0001010110000100
0000011010100001
0000000010111110
0000101111010101
0001100010101111
0001110011001111
0001011101100000
0000100111010110
0000000110100001
0000100100101001
0001010100101100
0001101011110000
0001100111100111
0000111011010100
0000001000010001
0000010100001110
0001001100000110
0001101111011010
0001101100110110
0001000011001010
0000001110111100
0000001110100001
0000111110101100
0001100111001001
0001110001010101
0001010100111111
0000011010100010
0000000011001101
0000101110111010
0001100011110000
0001110011001011
0001011011001011
0000100110110000
0000001000000010
0000100101011100
0001010100100111
0001101100010001
0001101000001101
0000111011011011
0000000110010010
0000010001111101
0001001110010100
0001110001101101
0001101001110010
0001000000111010
0000010000110101
0000001111100010
0000111101111010
0001100110101001
0001110001011100
0001010011100110
0000011000011000
0000000100010100
0000110001000101
0001100011100011
0001110010110100
0001011011010001
0000100110110110
0000001000111100
0000100100110101
0001010011010000
0001101110010111
0001101010010110
0000111001000010
0000000100100011
0000010011111110
0001001111010001
0001110000111111
0001101010000101
0001000000011100
0000001111100110
0000010000100110
0000111111011000
0001100101111011
0001110001010101
0001010101101100
0000011000011010
0000000010000111
0000110010011100
0001100100110011
0001101110110000
0001011010011010
0000101011001111
0000000111110111
0000011111110000
0001010011100000
0001110001011111
0001101010010001
0000110111010010
0000000100101001
0000010101010010
0001001111100001
0001101111010001
0001100111010011
0001000010000100
0000010100101001
0000010000010001
0000111011010100
0001100110001010
0001110011010010
0001010100110001
0000010111110100
0000000100011110
0000110011001000
0001100010011001
0001101111110001
0001011100100110
0000101001011100
0000000111001101
0000100001101110
0001010011001110
0001101111110101
0001101000011101
0000110110111010
0000000111011111
0000010111011001
0001001110001001
0001101100111000
0001100111111001
0001000011100010
0000010011010000
0000001111010011
0000111100101100
0001100101111111
0001110010000100
0001010011110101
0000010111011111
0000000110001110
0000110100000000
0001100000000100
0001101101100100
0001011110000100
0000101101010110
0000001010111011
0000101010110100
0001011010010100
0001010110110010
0000111100010110
0000110110111100
0001000000111100
0001000110110011
0000111111010010
0000110110111111
0000111110000111
0001000100011010
0001000000010101
0001000000001010
0001000010010101
0000111110111111
0000111100100001
0000111111111000
0001000001111011
0001000000001101
0001000001010111
0001000000111011
0000111010101110
0000111011011111
0001000100100101
0001000110010111
0000111110111110
0000111010100000
0000111110001010
0001000000100001
0000111101101110
0001000000101011
0001000111010101
0001000011110001
0000111001010001
0000110111100111
0001000000010101
0001000100110011
0001000000100000
0001000000000001
0001000101000101
0001000011010101
0000111001100011
0000110110010100
0001000000111111
0001001011001010
0001000111001100
0000111100111010
0000111001100010
0000111100011101
0000111110111011
0001000001000000
0001000100111000
0001000101111100
0000111110111110
0000110110001111
0000111000100001
0001000100110011
0001001001101100
0001000010011100
0000111011111000
0000111011001010
0000111101100110
0001000000010101
0001000010001110
0001000100111111
0001000011001010
0000111010001010
0000110111101101
0001000000011100
0001000110010100
0001000010101000
0000111101011110
0000111110000101
0000111111111100
0000111110110100
0000111110110111
0001000001001010
0001000010101100
0001000000010000
0000111011100011
0000111100101000
0001000010100011
0001000011111011
0000111111111010
0000111101011001
0000111111000101
0000111110111111
0000111100011001
0001000000011101
0001000111010100
0001000011101110
0000111010101001
0000111000100111
0000111110100101
0001000011110101
0001000011010001
0001000000111000
0001000000100010
0000111110011011
0000111010011011
0000111100011010
0001000100010100
0001000110011101
0000111111101101
0000111010100101
0000111100101000
0001000001010110
0001000010100101
0001000000010100
0000111111000111
0000111110110110
0000111100111000
0000111101111100
0001000010101111
0001000101000010
0001000001010110
0000111011010001
0000111010001111
0000111111110101
0001000011011110
0001000001011101
0001000000001101
0001000001001000
0000111101111010
0000111001111101
0000111110101001
0001000110001001
0001000100011110
0000111101000100
0000111010011101
0000111110000111
0001000001110011
0001000000110010
0000111111111100
0001000010001010
0001000001010001
0000111011110100
0000111011000110
0001000010011011
0001000110111111
0001000000010010
0000111001011100
0000111101100001
0001000010010111
0001000000000001
0000111111001000
0001000010111011
0001000010011111
0000111011100010
0000111001100101
0001000000111011
0001000101100110
0001000001010010
0000111100110011
0000111110111100
0001000000111001
0000111101111000
0000111101100100
0001000001111011
0001000011000001
0000111111110010
0000111100011010
0000111101100110
0001000010110111
0001000010111011
0000111101010111
0000111100010100
0001000000001111
0001000000001001
0000111100111001
0001000000001011
0001000101010111
0001000001101010
0000111010111011
0000111010100110
0000111111111101
0001000101010110
0001000010101101
0000111100101001
0000111101011011
0000111111100001
0000111110001010
0000111111100011
0001000011101000
0001000010111100
0000111101001001
0000111010110101
0000111111011100
0001000011111001
0001000010110010
0000111101110111
0000111011111000
0000111111011110
0001000000110100
0000111110100011
0001000001000100
0001000100011110
0001000000010001
0000111001101110
0000111010111111
0001000010001011
0001000100101101
0001000000101111
0000111110010010
0000111110110101
0000111110011100
0000111101100111
0001000000000010
0001000011001000
0001000001001010
0000111100110011
0000111100000110
0000111111101101
0001000100011001
0001000010011101
0000111011111001
0000111100100100
0001000001000001
0001000000000001
0000111101110110
0001000001010111
0001000100000111
0000111110110010
0000111001110101
0000111101010000
0001000001100001
0001000011001011
0001000001101110
0000111101011110
0000111101011111
0001000000000110
0000111111010100
0000111111011011
0001000001010111
0001000000010011
0000111101011010
0000111101001100
0001000001011111
0001000011110010
0000111111110000
0000111100000011
0000111101110000
0001000000001000
0000111110110010
0000111111010011
0001000011111110
0001000011010000
0000111100011100
0000111010011001
0000111101111111
0001000010100011
0001000011111010
0000111111111100
0000111100111101
0000111110011100
0001000000011000
0000111111110111
0000111110011000
0001000000000011
0001000010000000
0000111110100100
0000111100110011
0001000000110010
0001000010100100
0000111111101110
0000111101000101
0000111110000010
0001000000101011
0000111111011001
0000111101111110
0001000010000111
0001000011101000
0000111100111001
0000111001100101
0001000000000110
0001000100011111
0001000000011111
0000111101000111
0000111111001010
0001000001100010
0000111111010100
0000111011011100
0000111110011111
0001000011101110
0001000000111011
0000111100110101
0000111110111010
0001000001111111
0001000001110110
0000111110010010
0000111011111111
0000111111101111
0001000001101001
0000111101101010
0000111110011101
0001000100000111
0001000001110100
0000111010111001
0000111011101100
0001000001101011
0001000011000101
0000111110110001
0000111101100100
0001000010010101
0001000010000001
0000111011101110
0000111100000101
0001000001011100
0001000010011100
0000111111110000
0000111101101110
0000111110111011
0001000001100101
0001000000101111
0000111101011110
0000111101000110
0001000000011110
0001000001001010
0000111101011100
0000111111001110
0001000100100110
0001000000110101
0000111001100011
0000111011101110
0001000001111000
0001000010110111
0001000000000110
0000111111010100
0000111111110110
0000111101100111
0000111100011100
0000111111001000
0001000010100101
0001000010110010
0000111110101001
0000111011010011
0000111110010111
0001000010011100
0001000001010001
0000111101110100
0000111101000100
0000111111001100
0000111111111001
0000111111110011
0001000000111110
0001000001101011
0000111111001110
0000111010010111
0000111011010111
0001000011010111
0001000100101000
0000111110010010
0000111110000011
0001000001001101
0000111110101101
0000111011110011
0000111111000010
0001000011001011
0001000001010000
0000111101011001
0000111101010000
0000111111111001
0001000001100110
0001000000000000
0000111101001101
0000111110000101
0001000000110101
0001000000000110
0000111101110011
0000111111110001
0001000011011100
0000111111110111
0000111001100101
0000111100011001
0001000011110110
0001000011000011
0000111100101101
0000111101001011
0001000010001010
0000111111111100
0000111100000101
0001000000000111
0001000011011001
0000111111100001
0000111011001100
0000111100111010
0001000010111101
0001000011001011
0000111100100001
0000111011011111
0001000001000111
0001000010001111
0000111101101111
0000111101001010
0001000001111000
0001000010011011
