0001000000011101
0001000010100111
0001000000101000
0000111110100011
0000111111101100
0001000001001001
0000111111110000
0000111101111101
0001000000001001
0001000011010001
0001000001011111
0000111101111100
0000111111001111
0001000010000001
0001000000100001
0000111101101011
0000111110101000
0001000010001101
0001000010100110
0000111111011000
0000111110001001
0001000000011010
0001000001010011
0000111111001000
0000111110001011
0001000000111000
0001000011000011
0001000001001100
0000111110000101
0000111110101101
0001000001101011
0001000000010111
0000111100111101
0000111111100110
0001000100011110
0001000010100001
0000111101001000
0000111101011100
0001000001111110
0001000010001101
0000111110001011
0000111101101001
0001000001011111
0001000010101011
0000111111100010
0000111110011101
0001000000111011
0001000001100011
0000111111000101
0000111101110101
0001000000000110
0001000011000000
0001000010000011
0000111110010100
0000111101101111
0001000001000011
0001000001110010
0000111110101000
0000111110101101
0001000010100000
0001000010100111
0000111110010100
0000111101010001
0001000000111100
0001000010100110
0000111111011101
0000111101100000
0001000000101101
0001000011010110
0001000000001110
0000111101001000
0000111111101001
0001000010000011
0001000000001001
0000111110101100
0001000000011100
0001000001110010
0000111111110111
0000111101111100
0001000000001110
0001000010110100
0001000000100010
0000111101101011
0000111111011100
0001000010010000
0001000001000011
0000111101101110
0000111110100111
0001000011001011
0001000010010100
0000111100100101
0000111101010101
0001000011100001
0001000011110010
0000111101111111
0000111100000101
0001000001010100
0001000100101000
0000111111011101
0000111011000001
0000111111111001
0001000101000101
0001000001001001
0000111100001010
0000111111001000
0001000011100100
0001000001000011
0000111100011011
0000111110010111
0001000011111001
0001000011000110
0000111101011000
0000111101011011
0001000010010011
0001000001110111
0000111101101101
0000111110011010
0001000010010000
0001000010001000
0000111110110000
0000111110010011
0001000001000100
0001000001100011
0000111110111110
0000111110101000
0001000001010010
0001000001110111
0000111110000101
0000111000001100
0000110111000101
0001000111000011
0001100000111001
0001011011010100
0000100111011001
0000000010101110
0000100100011011
0001100110110011
0010000000000000
0001011010111000
0000011101100101
0000000011001000
0000100011101110
0001011001111110
0001110010110011
0001011111101010
0000110010001111
0000001111010111
0000011001001101
0001000110111010
0001101101011101
0001101100001110
0001000000100100
0000001111111000
0000010000011000
0001000001110110
0001101011100011
0001101001000110
0001000110011000
0000100000001011
0000010100011001
0000101111001111
0001011001100111
0001101111000110
0001011010100100
0000100111101100
0000001010110111
0000100111011110
0001011000011000
0001101001100101
0001010111110001
0000110110101000
0000011011010000
0000011101011001
0000111111001010
0001100100110111
0001101100010111
0001000111010010
0000010101001010
0000001111111110
0000111101100010
0001100110111100
0001100111100101
0001001001001111
0000100011110010
0000010101010010
0000101110111100
0001011001001000
0001101100110111
0001010111110101
0000100111111011
0000001101010101
0000101001000100
0001011001010100
0001101011001000
0001011000000011
0000110011100101
0000010110101011
0000011100100011
0001000100101110
0001101011011001
0001101011101001
0000111111101100
0000010000011110
0000010011000010
0001000001101000
0001100110101111
0001100110111011
0001001010100100
0000100011110011
0000010010101111
0000101100110100
0001011010011000
0001101111111010
0001010111110000
0000100100111101
0000001101011000
0000101011001101
0001011000010001
0001101010000101
0001011010100111
0000110100110100
0000010011110001
0000011010011101
0001000110011110
0001101101100010
0001101011010001
0000111110010101
0000001111101011
0000010011001011
0001000010101110
0001100111111000
0001100111010100
0001001010001001
0000100010011011
0000010001011111
0000101101101001
0001011100110010
0001110000110100
0001010110011110
0000100100011011
0000001101110110
0000101010011101
0001010110011011
0001101000110011
0001011011101000
0000111000001100
0000010100100010
0000010111000000
0001000101001000
0001101111000000
0001101010011100
0000111110000101
0000010011100110
0000010100111100
0000111110101101
0001100011111100
0001101000111101
0001001111010010
0000100100011011
0000001101101101
0000101001000011
0001011100001000
0001110010111000
0001011000011011
0000100101111101
0000001110110011
0000101001010000
0001010011101010
0001100111111101
0001011101110110
0000111001010000
0000010011001111
0000010111010100
0001000110111100
0001101111001100
0001101001000000
0000111100100010
0000010011100011
0000010110011100
0000111111000110
0001100010111101
0001101000100100
0001001111001000
0000100011011110
0000001101010011
0000101010111011
0001011110101110
0001110010111110
0001010101110001
0000100011000001
0000001110010000
0000101011101010
0001010110111000
0001101001000100
0001011011111001
0000110101110100
0000010001111011
0000011010000100
0001001010101010
0001101111110101
0001100111000100
0000111010001100
0000010001010010
0000010110010110
0001000010010001
0001100110010101
0001101001000110
0001001011111011
0000011110101001
0000001100111001
0000110000101110
0001100011000011
0001101111110000
0001010000111010
0000100100110100
0000010010001100
0000101010000011
0001010011101010
0001101010000001
0001011110001011
0000110101011011
0000010000001000
0000011010011110
0001001100101001
0001101111001000
0001100011111001
0000111001110110
0000010101100111
0000011001010111
0000111111010101
0001100010110100
0001101010101101
0001001110001010
0000011101001100
0000001011101011
0000110010110110
0001100100000111
0001101100111111
0001001111001101
0000100111010011
0000010100111100
0000101001100011
0001010001110011
0001101010001111
0001011111100001
0000110011101011
0000001101011011
0000011100100000
0001010000110100
0001101110010110
0001011111001100
0000111000110100
0000011000011110
0000011001101100
0000111101110101
0001100011111110
0001101011110110
0001001100111100
0000011100100010
0000001100110010
0000110011001111
0001100010101100
0001101011100001
0001001111100001
0000101001010101
0000010110001010
0000100111100101
0001001111010000
0001101011001011
0001100001001100
0000110011000011
0000001101001111
0000011110010001
0001010001100000
0001101100110000
0001011110000111
0000111001110000
0000011010000110
0000011001110010
0000111100000011
0001100011100101
0001101101100010
0001001100011001
0000011010000110
0000001101100001
0000110101101100
0001100010000100
0001101001010100
0001010000011010
0000101011100110
0000010100101110
0000100100111100
0001010000010011
0001101101011111
0001100000111111
0000110001110100
0000001101100011
0000011111001001
0001010000101001
0001101010011101
0001011101110000
0000111100101101
0000011011101001
0000010111001101
0000111010100011
0001100101111011
0001101111000111
0001001010111000
0000011000110000
0000001110010100
0000110110001110
0001100001000000
0001101000111110
0001010010000000
0000101100111110
0000010100000101
0000100011001011
0001010000010001
0001101111000110
0001100000110111
0000110000001010
0000001101111011
0000100001011000
0001010000101010
0001101000000111
0001011100011101
0000111101101110
0000011101010101
0000010111100001
0000111001011010
0001100101001111
0001101111001111
0001001011000101
0000011001010111
0000001110110111
0000110110000000
0001100000000101
0001101000011011
0001010010101000
0000101100110110
0000010010110110
0000100011110101
0001010010001100
0001101111000101
0001011111101100
0000110000001100
0000001110010101
0000100000101001
0001010000000100
0001101001001000
0001011110010011
0000111101110100
0000011010100000
0000010101111100
0000111011110100
0001100110101101
0001101101011000
0001001001001011
0000011001010100
0000010000010000
0000110111100011
0001100000000001
0001100111001010
0001010010010110
0000101110010100
0000010011011111
0000100010001000
0001010001001111
0001101111111110
0001011111100100
0000101111000010
0000001110111101
0000100001101111
0001001111100101
0001101000011111
0001011101111001
0000111101001010
0000011100000001
0000011000100011
0000111011011011
0001100100100011
0001101100110101
0001001010011001
0000011010010110
0000001111111010
0000110110011010
0001011111111011
0001101000001001
0001010010011000
0000101101000010
0000010011100010
0000100011101000
0001010001001000
0001101110001010
0001011110100101
0000101111101100
0000010000011111
0000100011001011
0001001111011101
0001100111011110
0001011110001101
0000111101111001
0000011010100011
0000010110100000
0000111011111000
0001100110111100
0001101110011010
0001001001100111
0000011000111010
0000001111100111
0000110110100101
0001011111101101
0001101000010111
0001010010100001
0000101100000110
0000010010111011
0000100101000011
0001010011011001
0001101110001101
0001011100001010
0000101110100010
0000010001110011
0000100011011011
0001001110000110
0001100111001100
0001011111101110
0000111111001001
0000011001001011
0000010100100000
0000111101000111
0001101000111111
0001101100110001
0001000110110011
0000011001101101
0000010010100001
0000110110011110
0001011101000100
0001100111110010
0001010100111000
0000101101101001
0000010001101101
0000100011110110
0001010011100001
0001101110010000
0001011100011010
0000101111011011
0000010010101000
0000100011100100
0001001100100011
0001100101100111
0001100000001011
0000111111100101
0000011001001010
0000010101100111
0000111110101011
0001101000111000
0001101010100111
0001000101101011
0000011011101101
0000010100000111
0000110101001010
0001011100010000
0001101001011111
0001010101101101
0000101010110111
0000001111010000
0000100101111011
0001010110110011
0001101101000000
0001011000111111
0000110000110001
0000010101111111
0000100010101001
0001001010000001
0001100110000100
0001100001100110
0000111111000101
0000010111011001
0000010101101101
0001000000111100
0001101001001111
0001101000100001
0001000101011000
0000011101010101
0000010011001010
0000110010110100
0001011101110110
0001101101101100
0001010101110001
0000100111000000
0000001110010011
0000101000110000
0001010110101111
0001101001001000
0001011000010000
0000110100110001
0000011000010100
0000011111101100
0001000111001100
0001100111111001
0001100011111100
0000111100111100
0000010101000100
0000011000001001
0001000011010111
0001100111101101
0001100110111010
0001000101101000
0000011101011110
0000010011111000
0000110011110011
0001011101000100
0001101100010111
0001010110011011
0000101000001111
0000001101001111
0000100111001000
0001011000000011
0001101011101010
0001011000000001
0000110010101001
0000010111110010
0000100000101110
0001000111010001
0001100111010101
0001100100101011
0000111110011001
0000010110001011
0000011100001000
0001001100000100
0001100100100100
0001000110010010
0000100110010101
0000110110011101
0001010101110111
0001001110110110
0000110000111110
0000101100101000
0001000001110110
0001001100101111
0001000101001110
0000111111100001
0001000000110001
0000111101110010
0000111000100101
0000111101100010
0001000111111111
0001001000011111
0000111111110101
0000111010010101
0000111011010000
0000111110100100
0001000001110101
0001000011110000
0001000011010001
0001000000011110
0000111101010010
0000111101001001
0001000000010001
0001000001101111
0000111111110011
0000111111000000
0001000001001110
0001000010011010
0000111111100101
0000111100101101
0000111110110111
0001000011000010
0001000011001010
0000111110110111
0000111011011110
0000111101101111
0001000011001110
0001000101011111
0001000010110011
0000111101010000
0000111001000101
0000111011111110
0001000011111101
0001000111100001
0001000011000110
0000111101000000
0000111011100011
0000111110000110
0000111111110100
0001000000001110
0001000010011110
0001000100011000
0001000001000111
0000111011110011
0000111100001010
0001000001001111
0001000011001010
0001000000010011
0000111110101010
0001000000100110
0001000001100000
0000111111101110
0000111111100000
0001000000110111
0000111111010011
0000111100011110
0000111110110110
0001000100111000
0001000101010111
0000111111001010
0000111011011111
0000111101101110
0000111111111110
0000111111011000
0000111111111110
0001000011011111
0001000100010001
0000111110111110
0000111011000111
0000111110010001
0001000010001000
0001000000110110
0000111110010101
0000111111010110
0001000010011011
0001000010011111
0000111111010101
0000111110100111
0001000000100110
0000111111001110
0000111100000111
0000111111010110
0001000101110000
0001000100011110
0000111101000110
0000111011011011
0001000000000101
0001000001110001
0000111110100111
0000111110101101
0001000011101100
0001000100010101
0000111101011101
0000111010100111
0001000000111110
0001000100110101
0000111111110110
0000111011110100
0000111111110010
0001000011011111
0001000000001001
0000111101010110
0001000001100110
0001000100010011
0000111101110111
0000110111111010
0000111101110001
0001000111101011
0001000111100000
0000111111010100
0000111011000110
0000111101000111
0000111110000000
0000111101111000
0001000011001101
0001001000000100
0001000010001100
0000111000110001
0000111001111001
0001000010111011
0001000101101101
0000111111111110
0000111101001000
0000111111111111
0001000000110000
0000111110010000
0000111111100110
0001000101011000
0001000100111001
0000111010110100
0000110110001001
0000111111100000
0001001000010111
0001000100111110
0000111110001011
0000111101110101
0000111110111101
0000111100110100
0000111101101001
0001000011110100
0001000110110110
0001000000111111
0000111001101000
0000111011001111
0001000010001111
0001000011010111
0000111111100010
0000111111001010
0001000001101000
0001000000100100
0000111101010111
0000111111000011
0001000011100000
0001000010000100
0000111100000101
0000111011100101
0001000001010111
0001000100100110
0001000001111110
0000111110101110
0000111111000000
0000111111011101
0000111101100000
0000111101111000
0001000010101110
0001000100110100
0001000000010001
0000111100011100
0000111110100011
0001000001000000
0000111111100011
0000111111001101
0001000001101010
0001000001100111
0000111111000101
0000111110100011
0001000000000011
0001000001011010
0001000000111101
0000111110100110
0000111101111101
0001000000000001
0001000001101000
0001000001111001
0001000001011010
0000111111011110
0000111100100010
0000111100010101
0001000000010010
0001000011110101
0001000011101011
0001000001000110
0000111101101000
0000111100001110
0000111110001000
0001000000011010
0001000010001101
0001000011011111
0001000001010010
0000111100110010
0000111100110001
0001000000101001
0001000010001010
0001000000101111
0000111111100010
0000111111010111
0000111111010001
0000111111110101
0001000001011001
0001000001111011
0000111111110011
0000111101010001
0000111101010010
0000111111101011
0001000010100100
0001000100000011
0001000010010111
0000111101110000
0000111010111000
0000111101000101
0001000001011001
0001000011100010
0001000010001101
0000111111111101
0000111111000100
0000111110011011
0000111101110100
0000111111100000
0001000010110100
0001000011000011
0000111110101100
0000111010111110
0000111110010000
0001000100101111
0001000100101100
0000111110010101
0000111011010010
0000111110000011
0001000000110110
0001000001100000
0001000010001001
0001000010011001
0000111111011101
0000111011101101
0000111100011110
0001000001011000
0001000100101001
0001000010101011
0000111110010001
0000111100100100
0000111110011011
0001000000111000
0001000001110010
0001000001011110
0001000000010011
0000111110000101
0000111100111110
0000111111010000
0001000011000001
0001000011100001
0000111111000000
0000111011110101
0000111110011001
0001000001101110
0001000010010101
0001000001101000
0001000000110110
0000111111011100
0000111100011010
0000111011100010
0001000001011001
0001000110100001
0001000010101011
0000111011111101
0000111011111011
0000111111110101
0001000001010101
0001000001100101
0001000010001011
0001000000011001
0000111100101100
0000111100010000
0001000000100100
0001000100011001
0001000010100001
0000111101101010
0000111100100101
0000111111011001
0001000001001010
0001000000111111
0001000001100001
0001000001110000
0000111110111000
0000111011100110
0000111101001100
0001000010101010
0001000100111100
0001000001000101
0000111100011011
0000111101000111
0001000000110000
0001000001001110
0000111111100101
0001000000011010
0001000001100101
0000111110111111
0000111100000110
0000111110111101
0001000100010001
0001000011111101
0000111110011111
0000111011001000
0000111101011101
0001000001110000
0001000010101001
0001000000110100
0001000000001100
0001000000000010
0000111101111110
0000111100000100
0000111111110110
0001000110010101
0001000100001101
0000111011101001
0000111010100010
0001000000000101
0001000001111110
0001000001000000
0001000001101101
0001000001101100
0000111110000100
0000111010110010
0000111110001100
0001000101000010
0001000100110111
0000111110000111
0000111011010000
0000111110100101
0001000001000010
0001000000010111
0001000000111111
0001000010111011
0001000000110111
0000111011101001
0000111011001010
0001000001011111
0001000110100100
0001000010101001
0000111010110001
0000111011001010
0001000010000100
0001000010010101
0000111110000110
0001000000011110
0001000100001010
0000111111110101
0000111001110000
0000111100010100
0001000100010101
0001000101011110
0000111110100011
0000111011011110
0000111111111000
0001000010011101
0000111111101000
0000111110000100
0001000001010001
0001000010011010
0000111101010011
0000111011000011
0001000001110001
0001000110101101
0001000001011101
0000111010100100
0000111011110010
0001000000111100
0001000010000001
0001000000011111
