0000111111101110
0000111110101011
0001000000001000
0001000001100011
0001000000110111
0000111111010001
0000111111001001
0001000000100101
0001000000110011
0000111111100010
0000111111011110
0001000000001111
0001000000001101
0001000000000000
0001000000100000
0001000000110101
0000111111111011
0000111110111001
0001000000000001
0001000001101100
0001000000010111
0000111110010010
0000111111101001
0001000001111011
0001000000101011
0000111110101101
0000111111101100
0001000001001001
0001000000100010
0000111111010110
0000111111100100
0001000000110101
0001000000110001
0000111111011000
0000111111001110
0001000000100011
0001000001010011
0001000000010010
0000111111010100
0000111111101110
0001000000000111
0000111111110100
0000111111111111
0001000000101011
0001000000111111
0001000000010001
0000111111010100
0000111111110110
0001000000100001
0000111111110110
0000111111011111
0001000000011110
0001000000111000
0000111111101111
0000111111011100
0001000001000001
0001000001100001
0000111111010100
0000111101111100
0000111111110111
0001000001111001
0001000000110110
0000111110111100
0000111111110111
0001000001101100
0001000000100011
0000111110000110
0000111110110110
0001000001101101
0001000001101110
0000111111000101
0000111110101101
0001000001001010
0001000001100101
0000111111000011
0000111110011111
0001000001010000
0001000001110111
0000111111000011
0000111110000110
0001000000100100
0001000010001111
0001000000011100
0000111110001000
0000111111001101
0001000001101101
0001000001001101
0000111111001110
0000111111101110
0001000001000110
0000111111111001
0000111110101000
0001000000011100
0001000001101011
0000111111110011
0000111110110101
0001000000001101
0001000001000001
0001000000011001
0000111111111011
0000111111110110
0000111111110110
0001000000001100
0001000000011110
0001000000001011
0000111111110010
0000111111101101
0000111111111011
0001000000100001
0001000000101110
0001000000010101
0000111111101110
0000111111100010
0001000000011100
0001000000110111
0000111111011111
0000111111000010
0001000000101011
0001000001100001
0001000000001111
0000111111000101
0000111111011010
0001000000011001
0001000000101100
0000111111101111
0000111111001011
0001000000010100
0000111111010001
0000111000110101
0000111000001011
0001001101000010
0001100011101100
0001001111001011
0000010111110010
0000000110000011
0000111001101100
0001111000010100
0001111011110011
0001000011011111
0000001001101011
0000000110010010
0000111000010000
0001101101010100
0001111000100011
0001010011100011
0000011001110010
0000000000000000
0000100100110101
0001100100010011
0001111111011110
0001100000010101
0000100100011010
0000000001010010
0000011001011010
0001010101000111
0001111100000101
0001101011110101
0000110011111001
0000000110010011
0000001110111011
0001000100010010
0001110100101011
0001110101010101
0001000110001111
0000001111101011
0000000101101000
0000110011000001
0001101011110101
0001111010010101
0001010100001111
0000011100010000
0000000100010010
0000100011011010
0001011100100001
0001111011010110
0001100100110010
0000101011000100
0000000010001010
0000010101010111
0001010011001101
0001111101110001
0001101100111011
0000110011000110
0000000101101011
0000001110111101
0001000100011101
0001110100111100
0001110110100101
0001000111101010
0000001101111010
0000000001100110
0000110010011110
0001101111101111
0001111101100110
0001010011100101
0000011001100010
0000000011000110
0000100101000001
0001011110100101
0001111010111000
0001100010100101
0000101010101010
0000000100001110
0000010110110010
0001010001011010
0001111010011111
0001101100000000
0000110101000001
0000001000001110
0000010000100000
0001000011111110
0001110010000001
0001110011000010
0001000111001111
0000010001111000
0000000101111001
0000110011011010
0001101101011110
0001111001110010
0001010000001110
0000011000111011
0000000110100001
0000101001101010
0001011111011101
0001110111110101
0001011111101001
0000101001000110
0000000100010111
0000011001011010
0001010100100110
0001111010011101
0001101000010011
0000110010010110
0000001001111100
0000010011100101
0001000100011110
0001110000111011
0001110010010000
0001000101110111
0000010000010111
0000000110111101
0000110101101111
0001101101100110
0001111000110100
0001010000100100
0000011001111100
0000000110000011
0000100111111000
0001011111011010
0001111001100001
0001011111110011
0000101000001111
0000000100101010
0000011001101101
0001010011101000
0001111001010101
0001101000111111
0000110100100100
0000001010011011
0000010001001011
0001000011010111
0001110011000100
0001110011111011
0001000100011000
0000001110101111
0000000111111011
0000110111011000
0001101101010001
0001110111001001
0001001111110110
0000011010001110
0000000110000001
0000100111110100
0001100000100110
0001111010111001
0001011111011000
0000100110000010
0000000011100111
0000011011011010
0001010101011110
0001111001010011
0001101000011000
0000110100000011
0000001001011100
0000010000111000
0001000100101110
0001110100100100
0001110011010111
0001000010011001
0000001101100001
0000001000101000
0000111001010110
0001101110010001
0001110110100100
0001001111011111
0000011001110100
0000000100110001
0000100111100000
0001100001101101
0001111011101011
0001011111000010
0000100101010010
0000000011011100
0000011011111110
0001010101110100
0001111000110011
0001101000000010
0000110100110100
0000001010000100
0000010000011011
0001000011111010
0001110100100110
0001110100011110
0001000010100101
0000001100011011
0000001000101010
0000111001110100
0001101101100011
0001110110010111
0001010000010100
0000011010011001
0000000100110011
0000100111011111
0001100001101001
0001111011001011
0001011110011101
0000100101101000
0000000100011110
0000011100001100
0001010100100011
0001110111111001
0001101001000111
0000110101100110
0000001001000000
0000001111011101
0001000100111110
0001110110001000
0001110011111000
0001000001010101
0000001101010000
0000001001101101
0000111000111101
0001101100100011
0001110110100101
0001010001010100
0000011010101100
0000000011111001
0000100110011110
0001100010000101
0001111100110010
0001011110101001
0000100100000100
0000000011101010
0000011101000001
0001010101111010
0001111000100010
0001101000001100
0000110100001111
0000001000100011
0000001111110011
0001000101100100
0001110101111101
0001110011010000
0001000010000010
0000001110000001
0000001000010011
0000110111101101
0001101110000100
0001111000001111
0001010000100100
0000011001110100
0000000100110000
0000100111000111
0001100000111111
0001111011100110
0001011111000110
0000100101010100
0000000011110000
0000011100000110
0001010101101000
0001111000101110
0001100111110001
0000110100000011
0000001001111000
0000010001001011
0001000100101011
0001110100001111
0001110011011111
0001000010101010
0000001101010011
0000001000011000
0000111000111011
0001101101110001
0001110111000000
0001010000101110
0000011010101011
0000000100100100
0000100110101100
0001100001001010
0001111011010100
0001011110110000
0000100101101111
0000000100100011
0000011100111110
0001010101011010
0001110111001010
0001100111001111
0000110101000101
0000001010000111
0000010000000010
0001000100000101
0001110101100010
0001110100111100
0001000010011001
0000001100101000
0000001000000011
0000111000001000
0001101101011010
0001111000000011
0001010001011111
0000011010000101
0000000011110000
0000100110011111
0001100001101111
0001111100100010
0001011111001101
0000100100110101
0000000011101111
0000011100011000
0001010100110111
0001110111110110
0001101001001111
0000110110001011
0000001000111011
0000001110100100
0001000100011111
0001110110000100
0001110011110011
0001000001101011
0000001101101111
0000001001010100
0000111000001000
0001101100011101
0001110111010000
0001010010010011
0000011011101111
0000000011101100
0000100100111101
0001100000110101
0001111100100110
0001011111101001
0000100101010011
0000000100000010
0000011100011101
0001010100001101
0001110110111010
0001101001000111
0000110110110100
0000001001111011
0000001111010100
0001000100011110
0001110101010010
0001110010101101
0001000001010001
0000001110101001
0000001010011110
0000111000011010
0001101011111010
0001110110010010
0001010001100010
0000011011101011
0000000100101001
0000100110001110
0001100001000100
0001111011110101
0001011110111101
0000100101001001
0000000100001000
0000011100010011
0001010100011011
0001110111111110
0001101001001010
0000110101001111
0000001001000111
0000010000000101
0001000101010010
0001110101001001
0001110010000100
0001000001011000
0000001111011110
0000001010100011
0000110111010101
0001101011001101
0001110111011011
0001010010011110
0000011010000111
0000000011001001
0000100111010110
0001100010100000
0001111011001110
0001011101101110
0000100110001001
0000000110001111
0000011011101101
0001010001110111
0001110111011110
0001101011001100
0000110110011010
0000001000000110
0000001111100100
0001000101110101
0001110100010011
0001110000101011
0001000010001010
0000010001110100
0000001011001111
0000110101010000
0001101001101010
0001111000011110
0001010011100010
0000011001101001
0000000010110101
0000101000011010
0001100011000000
0001111001010100
0001011100000110
0000100111000101
0000000111100110
0000011011111010
0001010001011101
0001110111000010
0001101010110011
0000110101101100
0000000111111110
0000010001001000
0001000111011111
0001110011110001
0001101110110011
0001000001110101
0000010010101111
0000001011000011
0000110100110101
0001101010001101
0001111000010011
0001010010011100
0000011001100111
0000000100001010
0000101001011100
0001100010110000
0001111000100001
0001011100000001
0000101000000110
0000000111101011
0000011010000111
0001010000110100
0001111000100011
0001101011100010
0000110101001100
0000001000000011
0000010001010101
0001000110100001
0001110010001100
0001101111000010
0001000100000000
0000010011111100
0000001010010110
0000110011101000
0001101001110100
0001111001000110
0001010010111001
0000011001001010
0000000100010000
0000101001101100
0001100001101000
0001110111001110
0001011100110110
0000101010001011
0000000111110100
0000011000010111
0001010000011010
0001111001110100
0001101100000111
0000110100011010
0000000111010101
0000010001011001
0001000110110100
0001110010011111
0001101111000101
0001000100000110
0000010100011010
0000001001111100
0000110010100111
0001101010001111
0001111001111110
0001010010100110
0000011000110011
0000000100101100
0000101001111101
0001100000101010
0001110110100110
0001011101110111
0000101010011110
0000000111001011
0000011000110110
0001010001001101
0001111001100110
0001101011000000
0000110011101100
0000001000101110
0000010011101000
0001000110000101
0001101111011101
0001101110110000
0001000110101001
0000010100111011
0000001000001001
0000110010010111
0001101011001010
0001111001011000
0001010001000101
0000011001100100
0000000111000110
0000101010010000
0001011110111101
0001110101100001
0001011110010010
0000101100001101
0000001001100111
0000011110001111
0001010111001001
0001101110010010
0001001001101010
0000100011010100
0000101110000110
0001001101101110
0001001110110100
0000110111100010
0000110001110011
0001000011110000
0001001100101100
0001000000001011
0000110110110111
0000111110010110
0001000100111011
0001000000100000
0000111110010000
0001000011001000
0001000011100110
0000111100001101
0000111000011110
0000111111011010
0001000111010011
0001000100100111
0000111101000100
0000111100011001
0001000000000010
0000111111111101
0000111110110100
0001000001101010
0001000100001110
0001000001001000
0000111100001001
0000111011111110
0000111111111110
0001000010011101
0001000001010100
0001000000001001
0001000001000111
0001000000100100
0000111101001000
0000111100100010
0001000001011101
0001000101010111
0001000010101001
0000111101010110
0000111011111100
0000111110011000
0001000001010100
0001000011001101
0001000010010111
0000111110000100
0000111010110101
0000111110001000
0001000100101010
0001000101011110
0000111111001100
0000111010110110
0000111101011001
0001000000111010
0001000001011110
0001000010001010
0001000010110110
0000111111101001
0000111010111110
0000111011100011
0001000001111000
0001000110000011
0001000010101101
0000111101001001
0000111100100100
0000111111001110
0001000000011000
0001000000111100
0001000010010101
0001000001101010
0000111101101011
0000111011100010
0000111111100101
0001000100010111
0001000010101010
0000111101110010
0000111101100101
0001000000101010
0001000000111000
0000111111000111
0000111111111011
0001000010000001
0001000000011101
0000111101010111
0000111110100110
0001000010001110
0001000001101110
0000111110011001
0000111110001001
0001000000111111
0001000001101000
0000111111011011
0000111111001001
0001000001000010
0001000001000001
0000111110110010
0000111110001000
0001000000100011
0001000001101100
0000111111010100
0000111110100010
0001000000111001
0001000001011000
0000111111001111
0000111110011010
0001000000010101
0001000001111011
0000111111111110
0000111101110101
0000111111100110
0001000001111010
0001000000100110
0000111110001010
0000111110110000
0001000001101011
0001000010000110
0000111111010111
0000111110001000
0000111111111000
0001000000101100
0000111111100000
0000111111011101
0001000001000001
0001000000111010
0000111111000010
0000111110110001
0001000000001011
0001000000110010
0001000000010101
0001000000010111
0001000000100101
0000111111100011
0000111101110000
0000111110101010
0001000010011011
0001000011000111
0000111111000101
0000111100110000
0000111111011101
0001000001111001
0001000000011110
0000111110100110
0001000000000001
0001000001101000
0000111111110111
0000111110010000
0000111111111110
0001000001100110
0001000000000110
0000111110011110
0000111111010010
0001000000110100
0001000000011010
0000111111011001
0001000000000110
0001000001001101
0001000000000111
0000111110100100
0000111111100110
0001000001001110
0001000000010100
0000111110110010
0000111111110000
0001000001010010
0001000000100100
0000111110100110
0000111110001101
0001000000010111
0001000010101001
0001000001100010
0000111110011011
0000111110001101
0001000000010011
0001000000011110
0000111111000011
0000111111100101
0001000001011110
0001000001001000
0000111110110100
0000111110010011
0001000000011101
0001000010000100
0001000000101001
0000111101111111
0000111110000101
0001000000100001
0001000001001000
0001000000000011
0001000000011001
0001000001000010
0000111111100001
0000111101110100
0000111110111110
0001000001100101
0001000001111000
0000111111011100
0000111110100010
0001000000011100
0001000000101111
0000111110110101
0000111111000110
0001000001100100
0001000001100100
0000111110011101
0000111101001101
0001000000010010
0001000010101011
0001000000100100
0000111110001101
0000111111100001
0001000000111111
0000111111110000
0000111111010000
0001000000110101
0001000000101011
0000111110001011
0000111101110000
0001000001001000
0001000011100110
0001000000111010
0000111100111010
0000111101110000
0001000001001110
0001000001010011
0000111111000010
0000111111100011
0001000010000111
0001000001001000
0000111101000100
0000111100111010
0001000001011011
0001000011000010
0001000000001010
0000111110100101
0000111111101110
0001000000000001
0000111111010010
0001000000000100
0001000001110011
0001000001010010
0000111110001100
0000111100111000
0000111111101100
0001000010101010
0001000001101110
0000111110111010
0000111110101001
0001000000001011
0000111111101101
0000111110101101
0001000000110011
0001000010110010
0001000000001111
0000111101001010
0000111110100100
0001000001011101
0001000001010011
0000111111100100
0000111111010010
0000111111110001
0000111111010111
0000111111010110
0001000000101011
0001000001101010
0001000000100001
0000111110100010
0000111110100010
0001000000100100
0001000001011110
0001000000011100
0000111111011101
0000111111001101
0000111111000001
0000111111001011
0001000000110001
0001000010000100
0001000000101011
0000111101111011
0000111101101011
0001000000001011
0001000001111000
0001000000111011
0000111111101010
0000111111100100
0000111111011010
0000111110110110
0000111111101000
0001000001110110
0001000001111010
0000111110110100
0000111100111111
0000111110110110
0001000001011100
0001000001101111
0001000000011011
0000111111011110
0000111111001110
0000111110111000
0000111111000011
0001000000110011
0001000010011001
0001000001000111
0000111110001000
0000111101010010
0000111111000110
0001000001010010
0001000001111111
0001000001000100
0000111111010111
0000111101110100
0000111110000110
0001000000111111
0001000011000110
0001000001010110
0000111101111101
0000111100111010
0000111111001111
0001000001110011
0001000001010010
0000111111110001
0001000000000111
0001000000000001
0000111110010000
0000111110011011
0001000001101011
0001000011000001
0001000000000010
0000111100111100
0000111101011010
0001000000011001
0001000010010101
0001000001001101
0000111111100010
0000111111101011
0000111111101011
0000111110101100
0000111111001010
0001000001011111
0001000010001011
0000111111010000
0000111100110011
0000111110101101
0001000010000000
0001000001111010
0000111111111011
0000111111011110
0000111111010010
0000111110011100
0000111111001111
0001000001011100
0001000010000111
0001000000011010
0000111110010010
0000111110001010
0000111111010100
0001000000000101
0001000001010001
0001000010001010
0001000000001010
0000111100111001
0000111101010101
0001000001011110
0001000011011000
0001000000011111
0000111101011111
0000111101111111
0001000000000111
0001000001100011
0001000001000110
0000111111100001
0000111111001101
0000111111111011
0000111111100110
0000111110110011
0000111111110111
0001000001110001
0001000001011110
0000111111001000
0000111101110010
0000111110100001
0001000000111001
0001000010101010
0001000000111011
0000111101101110
0000111101101011
0001000000000101
0001000001001010
0001000000100100
0000111111110010
